-2.5965 -2.5965 1.933 1.933
1.51448 -2.5965 1.65897 42.742
-21.233 33.2621 1.933 33.3546
-21.233 17.5655 1.933 18.3908
-15.5779 -2.5965 -15.3901 42.742
-4.02937 -2.5965 -3.91891 42.742
-21.233 33.1154 1.933 33.1905
-9.82983 -2.5965 -9.61 42.742
-4.1843 -2.5965 -4.118 42.742
-14.2817 -2.5965 -12.0473 42.742
-21.233 14.8191 1.933 15.0379
-9.92537 -2.5965 -9.60019 42.742
-21.233 2.59109 1.933 2.68995
-21.134 -2.5965 -20.9508 42.742
-21.233 36.3346 1.933 36.4052
-21.233 30.2243 1.933 30.2762
-6.31154 -2.5965 -6.19233 42.742
-21.233 14.8352 1.933 15.0233
-21.233 2.78009 1.933 3.0598
-21.233 5.80446 1.933 5.88452
-13.6038 -2.5965 -13.3957 42.742
-5.97491 -2.5965 -5.90286 42.742
-21.233 18.0118 1.933 18.0692
-15.4258 -2.5965 -15.1915 42.742
-21.233 2.62175 -21.0422 42.742
-21.233 21.0757 1.933 21.1544
-12.1839 -2.5965 -11.3759 42.742
-8.22934 -2.5965 -7.91054 42.742
-21.233 17.8417 1.933 17.9163
-21.233 11.7702 1.933 11.8302
-21.233 27.0021 1.933 27.0837
-21.233 5.61851 1.933 5.72284
-21.233 39.1682 1.933 39.3115
-21.233 36.1841 1.933 36.2275
-21.233 22.0735 1.933 22.202
-21.233 30.0623 1.933 30.1282
-21.233 42.2478 1.933 42.3386
-21.233 20.9112 1.933 20.9797
-20.7552 -2.5965 -20.5651 42.742
-21.233 24.1406 1.933 24.1763
-21.233 11.8619 1.933 12.367
-8.45614 -2.5965 -8.2898 42.742
-21.233 8.66687 1.933 8.95026
-6.48465 -2.5965 -5.57403 42.742
-21.233 40.6896 1.933 40.9639
-21.233 1.12782 1.933 1.43406
1.5984 -2.5965 1.75776 42.742
-14.2733 -2.5965 -13.7217 42.742
-1.92437 -2.5965 -1.43803 42.742
-21.233 -2.10826 1.933 -1.9069
-21.233 21.9262 1.933 22.176
-21.233 3.69928 1.933 4.11097
-21.233 15.0725 1.933 15.1507
-21.233 11.4657 1.933 11.6233
-21.233 27.186 1.933 27.2623
-21.233 32.8977 1.933 33.0918
-21.233 36.5152 1.933 36.6664
-21.233 -2.45824 1.933 -2.33821
-21.233 35.8742 1.933 36.0635
-21.233 17.6744 -21.0682 42.742
-21.233 20.7537 1.933 21.6811
-11.1714 -2.5965 -11.026 42.742
-21.233 2.73508 1.933 3.58582
-18.4053 -2.5965 1.933 -2.42175
-21.233 11.9106 1.933 11.9528
-6.11875 -2.5965 -4.99963 42.742
-21.233 39.1384 1.933 39.477
-18.1282 -2.5965 -17.5982 42.742
-21.233 5.46458 1.933 5.5693
-17.497 -2.5965 -16.8981 42.742
-13.2344 -2.5965 -13.0639 42.742
-14.3445 -2.5965 -13.5364 42.742
-13.4394 -2.5965 -13.2636 42.742
-21.233 8.81889 1.933 8.9359
-21.233 23.9691 1.933 24.0164
