-6.36532 15.9507 3.07898 -8.2478 15.9507 3.07898 -9.0005 15.9507 3.07898 -12.5365 15.9507 3.07898 -14.9023 15.9507 3.07898 -15.384 15.9507 3.07898 -18.8974 15.9507 3.07898 -21.4261 15.9507 3.07898 -21.4346 14.0304 3.07898 -18.8756 14.0304 3.07898 -15.384 14.0304 3.07898 -14.8862 14.0304 3.07898 -12.5436 14.0304 3.07898 -9.0005 14.0304 3.07898 -8.25111 14.0304 3.07898 -8.25236 13.3051 3.07898 -8.26015 8.78451 3.07898 -8.26086 8.37397 3.07898 -8.2616 7.94503 3.07898 -8.26462 6.19109 3.07898 -8.26585 5.47772 3.07898 -8.26725 4.67 3.07898 -8.2691 3.59238 3.07898 -8.27098 2.50324 3.07898 -8.27209 1.86094 3.07898 -8.27314 1.25176 3.07898 -8.27337 1.118 3.07898 -6.30845 1.118 3.07898 -5.78747 1.118 3.07898 -2.64304 1.118 3.07898 0.909696 1.118 3.07898 0.909596 1.24827 3.07898 0.909147 1.83447 3.07898 0.908592 2.55719 3.07898 0.907788 3.60636 3.07898 0.906775 4.92667 3.07898 0.906321 5.51964 3.07898 0.905846 6.1389 3.07898 0.904453 7.9553 3.07898 -2.64454 7.95132 3.07898 -5.77368 7.94782 3.07898 -6.33463 7.94719 3.07898 -6.33615 8.34303 3.07898 -6.33781 8.77468 3.07898 -6.35521 13.3146 3.07898 -6.35796 14.0304 3.07898 -5.76141 14.0304 3.07898 -2.64588 14.0304 3.07898 0.899794 14.0304 3.07898 0.898321 15.9507 3.07898 -2.6463 15.9507 3.07898 -5.75753 15.9507 3.07898 -6.36532 15.9507 3.07898 
3.72029 1.82636 3.0881 3.7199 1.2472 3.0881 6.74466 1.24606 3.0881 6.74537 1.81763 3.0881 6.74633 2.59149 3.0881 6.74761 3.61526 3.0881 6.74944 5.09014 3.0881 3.72245 5.00545 3.0881 3.7215 3.61065 3.0881 3.7208 2.57371 3.0881 3.72029 1.82636 3.0881 
16.7519 1.78877 3.08716 17.1385 1.78766 3.08716 17.1417 2.65258 3.08716 17.1454 3.6311 3.08716 16.7523 3.6305 3.08716 16.4379 3.63002 3.08716 13.7435 3.62592 3.08716 13.75 5.286 3.08716 13.7511 5.57834 3.08716 13.753 6.06578 3.08716 16.3952 6.05074 3.08716 16.7528 6.04871 3.08716 17.1544 6.04642 3.08716 17.1615 7.96533 3.08716 16.7531 7.9719 3.08716 16.6863 7.97297 3.08716 16.3614 7.97261 3.08716 16.3613 7.97819 3.08716 16.3493 8.65866 3.08716 13.7631 8.67188 3.08716 13.0932 8.67531 3.08716 10.7989 8.68704 3.08716 10.7753 8.06798 3.08716 10.7714 7.96635 3.08716 10.1786 7.96568 3.08716 10.1781 6.08613 3.08716 10.1779 5.56201 3.08716 10.1778 5.18605 3.08716 10.1773 3.62048 3.08716 10.177 2.61165 3.08716 10.1767 1.80774 3.08716 10.1765 1.24475 3.08716 10.5155 1.24463 3.08716 13.0705 1.24366 3.08716 13.7343 1.2434 3.08716 16.4799 1.24236 3.08716 16.4703 1.78959 3.08716 16.7519 1.78877 3.08716 
19.3034 15.9507 3.07883 17.1912 15.9507 3.07883 16.7547 15.9507 3.07883 16.2209 15.9507 3.07883 13.7914 15.9507 3.07883 13.1154 15.9507 3.07883 11.0754 15.9507 3.07883 10.1811 15.9507 3.07883 9.78375 15.9507 3.07883 6.76296 15.9507 3.07883 3.72989 15.9507 3.07883 2.439 15.9507 3.07883 1.32036 15.9507 3.07883 0.898321 15.9507 3.07883 0.899794 14.0304 3.07883 1.43768 14.0304 3.07883 2.439 14.0304 3.07883 3.72858 14.0304 3.07883 6.76057 14.0304 3.07883 9.78957 14.0304 3.07883 10.1805 14.0304 3.07883 11.0023 14.0304 3.07883 13.1095 14.0304 3.07883 13.7839 14.0304 3.07883 16.2547 14.0304 3.07883 16.7543 14.0304 3.07883 17.1841 14.0304 3.07883 17.1819 13.4329 3.07883 17.1641 8.65449 3.07883 17.1615 7.9735 3.07883 17.1615 7.96533 3.07883 17.1544 6.04642 3.07883 17.1527 5.59388 3.07883 17.1519 5.38117 3.07883 17.1454 3.6311 3.07883 17.1417 2.65258 3.07883 17.1385 1.78766 3.07883 19.2227 1.78165 3.07883 19.2277 2.66484 3.07883 19.2332 3.63428 3.07883 19.2435 5.43969 3.07883 19.2445 5.60344 3.07883 19.2469 6.03451 3.07883 19.2577 7.93164 3.07883 19.258 7.97585 3.07883 19.2618 8.64376 3.07883 19.2891 13.4435 3.07883 19.2925 14.0304 3.07883 19.7953 14.0304 3.07883 21.0644 14.0304 3.07883 21.0518 15.9507 3.07883 19.7964 15.9507 3.07883 19.3034 15.9507 3.07883 
19.2445 5.60344 3.08591 19.2435 5.43969 3.08591 19.2332 3.63428 3.08591 19.2277 2.66484 3.08591 19.2227 1.78165 3.08591 19.7881 1.78002 3.08591 21.1451 1.7761 3.08591 22.7236 1.77155 3.08591 22.7024 2.68526 3.08591 23.1539 2.68792 3.08591 23.6159 2.69063 3.08591 23.6428 3.641 3.08591 23.6971 5.5643 3.08591 23.6988 5.6238 3.08591 23.7097 6.00912 3.08591 23.762 7.85924 3.08591 23.113 7.86967 3.08591 22.5817 7.87821 3.08591 22.5794 7.97957 3.08591 21.1043 7.97792 3.08591 19.7917 7.97645 3.08591 19.258 7.97585 3.08591 19.2577 7.93164 3.08591 19.2469 6.03451 3.08591 19.2445 5.60344 3.08591 
9.8076 8.08354 3.06286 6.75323 8.13263 3.06286 6.75302 7.96185 3.06286 6.75071 6.10563 3.06286 6.75001 5.54634 3.06286 6.74944 5.09014 3.06286 9.81642 5.17594 3.06286 9.81525 5.56035 3.06286 9.81365 6.0882 3.06286 9.80796 7.96527 3.06286 9.8076 8.08354 3.06286 
19.7949 13.446 3.08481 19.2891 13.4435 3.08481 19.2618 8.64376 3.08481 19.7921 8.64105 3.08481 19.7917 7.97645 3.08481 21.1043 7.97792 3.08481 22.5794 7.97957 3.08481 22.5643 8.62687 3.08481 23.107 8.6241 3.08481 23.7835 8.62064 3.08481 23.794 8.99259 3.08481 23.794 9.26609 3.08481 23.6199 13.4652 3.08481 23.0688 13.4625 3.08481 22.452 13.4594 3.08481 22.4388 14.0304 3.08481 21.0644 14.0304 3.08481 21.0682 13.4524 3.08481 19.7949 13.446 3.08481 
-2.64572 13.3333 3.04598 -2.64588 14.0304 3.04598 -5.76141 14.0304 3.04598 -6.35796 14.0304 3.04598 -6.35521 13.3146 3.04598 -6.33781 8.77468 3.04598 -5.77202 8.77179 3.04598 -2.64472 8.7558 3.04598 -2.64572 13.3333 3.04598 
-2.64572 13.3333 3.07024 -2.64472 8.7558 3.07024 0.903853 8.73765 3.07024 1.76133 8.73326 3.07024 2.439 8.7298 3.07024 2.439 13.3588 3.07024 2.439 14.0304 3.07024 1.43768 14.0304 3.07024 0.899794 14.0304 3.07024 -2.64588 14.0304 3.07024 -2.64572 13.3333 3.07024 
6.75395 8.70773 3.06528 9.80575 8.69212 3.06528 9.79149 13.3958 3.06528 9.78957 14.0304 3.06528 6.76057 14.0304 3.06528 3.72858 14.0304 3.06528 2.439 14.0304 3.06528 2.439 13.3588 3.06528 2.439 8.7298 3.06528 3.72498 8.72322 3.06528 6.75395 8.70773 3.06528 
21.0518 15.9507 3.08609 21.0644 14.0304 3.08609 22.4388 14.0304 3.08609 23.0643 14.0304 3.08609 23.0491 15.9507 3.08609 23.0149 20.2883 3.08609 23.0105 20.8449 3.08609 23.0059 21.4259 3.08609 22.2668 21.4307 3.08609 21.0157 21.4388 3.08609 19.7996 21.4466 3.08609 19.7993 20.8423 3.08609 19.799 20.3244 3.08609 19.7964 15.9507 3.08609 21.0518 15.9507 3.08609 
-5.74812 20.6116 3.08396 -5.75753 15.9507 3.08396 -2.6463 15.9507 3.08396 -2.64731 20.5768 3.08396 -2.64737 20.8244 3.08396 -2.64747 21.291 3.08396 -5.7468 21.2635 3.08396 -5.7477 20.8219 3.08396 -5.74812 20.6116 3.08396 
-21.4261 15.9507 3.07878 -18.8974 15.9507 3.07878 -18.9521 20.7601 3.07878 -18.9527 20.8113 3.07878 -18.9565 21.1463 3.07878 -18.9569 21.1764 3.07878 -18.9575 21.2312 3.07878 -18.9581 21.2838 3.07878 -21.4024 21.2569 3.07878 -21.4027 21.1962 3.07878 -21.403 21.1372 3.07878 -21.403 21.1246 3.07878 -21.4044 20.8093 3.07878 -21.4045 20.7876 3.07878 -21.8337 20.7925 3.07878 -21.8341 15.9507 3.07878 -21.4261 15.9507 3.07878 
-18.9521 20.7601 3.08168 -18.8974 15.9507 3.08168 -15.384 15.9507 3.08168 -15.3841 20.72 3.08168 -15.3841 20.8141 3.08168 -15.3841 21.178 3.08168 -15.3841 21.2336 3.08168 -18.9569 21.1764 3.08168 -18.9565 21.1463 3.08168 -18.9527 20.8113 3.08168 -18.9521 20.7601 3.08168 
-14.9023 15.9507 3.08843 -12.5365 15.9507 3.08843 -12.5189 20.6878 3.08843 -12.5184 20.8164 3.08843 -12.517 21.2034 3.08843 -12.5167 21.2795 3.08843 -14.9466 21.2406 3.08843 -15.3841 21.2336 3.08843 -15.3841 21.178 3.08843 -15.3841 20.8141 3.08843 -14.943 20.8145 3.08843 -14.9422 20.715 3.08843 -15.3841 20.72 3.08843 -15.384 15.9507 3.08843 -14.9023 15.9507 3.08843 
-12.5189 20.6878 3.0946 -12.5365 15.9507 3.0946 -9.0005 15.9507 3.0946 -9.0005 20.6482 3.0946 -9.0005 20.8193 3.0946 -9.0005 21.2346 3.0946 -12.517 21.2034 3.0946 -12.5184 20.8164 3.0946 -12.5189 20.6878 3.0946 
-6.38322 20.6188 3.08506 -8.23971 20.6396 3.08506 -9.0005 20.6482 3.08506 -9.0005 15.9507 3.08506 -8.2478 15.9507 3.08506 -6.36532 15.9507 3.08506 -5.75753 15.9507 3.08506 -5.74812 20.6116 3.08506 -6.38322 20.6188 3.08506 
-2.64731 20.5768 3.0958 -2.6463 15.9507 3.0958 0.898321 15.9507 3.0958 0.894804 20.5369 3.0958 0.894582 20.8272 3.0958 0.894202 21.3224 3.0958 -2.64747 21.291 3.0958 -2.64737 20.8244 3.0958 -2.64731 20.5768 3.0958 
0.894804 20.5369 3.09797 0.898321 15.9507 3.09797 1.32036 15.9507 3.09797 2.439 15.9507 3.09797 3.72989 15.9507 3.09797 3.73298 20.505 3.09797 3.7332 20.8295 3.09797 3.73356 21.3476 3.09797 2.439 21.3361 3.09797 0.992101 21.3232 3.09797 0.894202 21.3224 3.09797 0.894582 20.8272 3.09797 0.894804 20.5369 3.09797 
3.73298 20.505 3.09656 3.72989 15.9507 3.09656 6.76296 15.9507 3.09656 6.76859 20.4709 3.09656 6.76904 20.8319 3.09656 6.76972 21.3745 3.09656 3.73356 21.3476 3.09656 3.7332 20.8295 3.09656 3.73298 20.505 3.09656 
9.77014 20.4372 3.08689 6.76859 20.4709 3.08689 6.76296 15.9507 3.08689 9.78375 15.9507 3.08689 10.1811 15.9507 3.08689 10.1825 20.4325 3.08689 9.77014 20.4372 3.08689 
13.8086 20.3918 3.08753 13.7914 15.9507 3.08753 16.2209 15.9507 3.08753 16.7547 15.9507 3.08753 16.7556 20.3586 3.08753 16.7557 20.8399 3.08753 16.7558 21.463 3.08753 16.124 21.4574 3.08753 13.8127 21.4369 3.08753 13.8103 20.8375 3.08753 13.1303 20.837 3.08753 13.1289 20.3994 3.08753 13.8086 20.3918 3.08753 
17.1912 15.9507 3.07913 19.3034 15.9507 3.07913 19.7964 15.9507 3.07913 19.799 20.3244 3.07913 19.7993 20.8423 3.07913 19.3313 20.842 3.07913 19.3347 21.4496 3.07913 17.2118 21.4634 3.07913 16.97 21.4649 3.07913 16.7558 21.463 3.07913 16.7557 20.8399 3.07913 16.7556 20.3586 3.07913 16.7547 15.9507 3.07913 17.1912 15.9507 3.07913 
10.1825 20.4325 3.08962 10.1811 15.9507 3.08962 11.0754 15.9507 3.08962 13.1154 15.9507 3.08962 13.1289 20.3994 3.08962 13.1303 20.837 3.08962 13.1321 21.4309 3.08962 11.2834 21.4145 3.08962 11.2614 20.8355 3.08962 10.1827 20.8346 3.08962 10.1825 20.4325 3.08962 
