-17.625 -2.02011 2.76141 -17.625 -2.41174 2.76141 -15.3639 -2.44995 2.76141 -14.225 -2.4692 2.76141 -14.2242 -2.01662 2.76141 -14.2187 1.34667 2.76141 -15.3531 1.34997 2.76141 -17.625 1.35658 2.76141 -17.625 -2.02011 2.76141 
-4.0191 -2.48314 2.7503 -1.90208 -2.43352 2.7503 -1.89968 -2.00396 2.7503 -1.88116 1.31075 2.7503 -4.01787 1.31697 2.7503 -5.2989 1.3207 2.7503 -5.21497 -2.00737 2.7503 -5.20227 -2.51087 2.7503 -4.0191 -2.48314 2.7503 
-20.6229 2.65364 2.75179 -21.1159 2.65101 2.75179 -21.1174 1.36675 2.75179 -21.1211 -2.0237 2.75179 -20.6269 -2.02319 2.75179 -20.6272 -2.361 2.75179 -17.625 -2.41174 2.75179 -17.625 -2.02011 2.75179 -17.625 1.35658 2.75179 -17.625 2.66963 2.75179 -20.6229 2.65364 2.75179 
-11.479 1.33869 2.76874 -11.4851 2.70238 2.76874 -13.5175 2.69154 2.76874 -13.5214 1.34464 2.76874 -13.6201 1.34492 2.76874 -13.5923 -2.01597 2.76874 -13.5309 -2.0159 2.76874 -13.5323 -2.48091 2.76874 -11.4616 -2.51591 2.76874 -11.4638 -2.01378 2.76874 -11.479 1.33869 2.76874 
-1.89968 -2.00396 2.74561 -1.90208 -2.43352 2.74561 1.57401 -2.35205 2.74561 1.57456 -2.0004 2.74561 1.57968 1.30067 2.74561 1.58196 2.77208 2.74561 -1.87309 2.75365 2.74561 -1.88116 1.31075 2.74561 -1.89968 -2.00396 2.74561 
-9.67208 2.71205 3.795 -11.1388 2.70423 3.795 -11.1406 1.3377 3.795 -11.1449 -2.01345 3.795 -9.66797 -2.01194 3.795 -8.39593 -2.01063 3.795 -8.37771 1.32966 3.795 -8.37014 2.719 3.795 -9.67208 2.71205 3.795 
-5.91328 1.32249 2.79535 -8.37771 1.32966 2.79535 -8.39593 -2.01063 2.79535 -5.89955 -2.00807 2.79535 -5.91328 1.32249 2.79535 
-4.01701 3.94086 2.68768 -5.36493 3.93895 2.68768 -5.33457 2.73519 2.68768 -5.2989 1.3207 2.68768 -4.01787 1.31697 2.68768 -1.88116 1.31075 2.68768 -1.87309 2.75365 2.68768 -4.0174 2.74221 2.68768 -4.01701 3.94086 2.68768 
-17.625 1.35658 2.76041 -15.3531 1.34997 2.76041 -14.2187 1.34667 2.76041 -14.2165 2.68781 2.76041 -14.2144 3.92637 2.76041 -15.3458 3.92476 2.76041 -15.3493 2.68177 2.76041 -17.625 2.66963 2.76041 -17.625 1.35658 2.76041 
-15.3458 3.92476 2.75776 -15.3413 5.5218 2.75776 -17.625 5.52923 2.75776 -20.6204 5.53899 2.75776 -21.1128 5.54059 2.75776 -21.1146 3.91656 2.75776 -21.1159 2.65101 2.75776 -20.6229 2.65364 2.75776 -17.625 2.66963 2.75776 -15.3493 2.68177 2.75776 -15.3458 3.92476 2.75776 
1.58379 3.94882 2.75487 1.58615 5.46668 2.75487 -1.85787 5.47789 2.75487 -4.01651 5.48492 2.75487 -4.01701 3.94086 2.75487 -4.0174 2.74221 2.75487 -1.87309 2.75365 2.75487 1.58196 2.77208 2.75487 1.58379 3.94882 2.75487 
-5.49224 8.89776 2.77588 -5.94453 8.89806 2.77588 -5.93048 5.49115 2.77588 -5.92407 3.93815 2.77588 -5.46754 3.9388 2.77588 -5.46154 2.73451 2.77588 -5.33457 2.73519 2.77588 -5.36493 3.93895 2.77588 -4.01701 3.94086 2.77588 -4.01651 5.48492 2.77588 -4.0154 8.87915 2.77588 -4.0154 8.89675 2.77588 -4.01454 11.5366 2.77588 -4.01434 12.1365 2.77588 -4.01342 14.9761 2.77588 -4.01242 18.0311 2.77588 -4.01156 20.6763 2.77588 -4.01143 21.0865 2.77588 -4.01111 22.081 2.77588 -4.01046 24.0558 2.77588 -4.00948 27.0723 2.77588 -4.00846 30.2109 2.77588 -4.00755 33.0111 2.77588 -4.00746 33.2769 2.77588 -4.00659 35.9505 2.77588 -4.0064 36.5501 2.77588 -4.00551 39.2592 2.77588 -4.00545 39.4599 2.77588 -4.00504 40.7009 2.77588 -4.00452 42.3068 2.77588 -5.65872 42.325 2.77588 -5.65066 40.7053 2.77588 -5.6446 39.4902 2.77588 -5.64343 39.2554 2.77588 -5.63001 36.5601 2.77588 -5.62699 35.9538 2.77588 -5.61383 33.3107 2.77588 -5.61233 33.0111 2.77588 -5.59839 30.2121 2.77588 -5.58278 27.0774 2.77588 -5.56771 24.0506 2.77588 -5.5579 22.0822 2.77588 -5.55295 21.0869 2.77588 -5.7974 21.087 2.77588 -5.78733 20.6877 2.77588 -5.55095 20.6862 2.77588 -5.53774 18.0334 2.77588 -5.72039 18.0336 2.77588 -5.64335 14.9786 2.77588 -5.57181 12.1419 2.77588 -5.50839 12.1417 2.77588 -5.5054 11.5398 2.77588 -5.55662 11.5399 2.77588 -5.95543 11.5408 2.77588 -5.94476 8.95276 2.77588 -5.49243 8.9355 2.77588 -5.49224 8.89776 2.77588 
-9.67315 3.93282 2.38797 -11.1373 3.93074 2.38797 -11.1388 2.70423 2.38797 -9.67208 2.71205 2.38797 -8.37014 2.719 2.38797 -8.36351 3.93468 2.38797 -9.67315 3.93282 2.38797 
-11.1373 3.93074 2.54096 -9.67315 3.93282 2.54096 -8.36351 3.93468 2.54096 -5.92407 3.93815 2.54096 -5.93048 5.49115 2.54096 -8.35498 5.49905 2.54096 -9.67451 5.50334 2.54096 -11.1352 5.5081 2.54096 -11.4978 5.50928 2.54096 -13.5095 5.51583 2.54096 -13.514 3.92736 2.54096 -11.4907 3.93024 2.54096 -11.1373 3.93074 2.54096 
-15.3317 8.90443 2.77264 -15.3413 5.5218 2.77264 -15.3458 3.92476 2.77264 -14.2144 3.92637 2.77264 -13.6415 3.92718 2.77264 -13.6547 5.5163 2.77264 -13.6827 8.90331 2.77264 -13.6855 9.24808 2.77264 -13.7047 11.5572 2.77264 -14.2018 11.5583 2.77264 -14.2008 12.1719 2.77264 -13.7097 12.1702 2.77264 -13.7331 14.991 2.77264 -13.7584 18.0454 2.77264 -13.7807 20.7391 2.77264 -13.7836 21.0891 2.77264 -13.7918 22.0886 2.77264 -13.8079 24.0234 2.77264 -13.8334 27.1045 2.77264 -13.8591 30.2186 2.77264 -13.439 30.2183 2.77264 -13.4311 33.0111 2.77264 -13.4297 33.4752 2.77264 -13.4226 35.9693 2.77264 -13.4208 36.6078 2.77264 -13.4133 39.2371 2.77264 -13.9338 39.2359 2.77264 -13.9371 39.6431 2.77264 -13.9461 40.7273 2.77264 -13.409 40.7259 2.77264 -13.4042 42.4103 2.77264 -13.9601 42.4164 2.77264 -14.1508 42.4185 2.77264 -15.2367 42.4304 2.77264 -15.2415 40.7308 2.77264 -15.2445 39.6672 2.77264 -15.2457 39.2328 2.77264 -15.2532 36.619 2.77264 -15.255 35.973 2.77264 -15.262 33.5138 2.77264 -15.2634 33.0111 2.77264 -15.2713 30.2197 2.77264 -15.2801 27.1092 2.77264 -15.2889 24.0185 2.77264 -15.2943 22.0898 2.77264 -15.2972 21.0895 2.77264 -15.2981 20.7489 2.77264 -15.3058 18.0477 2.77264 -15.3144 14.9935 2.77264 -15.3224 12.1758 2.77264 -15.3242 11.5607 2.77264 -15.3306 9.31084 2.77264 -15.3317 8.90443 2.77264 
-17.625 5.52923 2.71526 -15.3413 5.5218 2.71526 -15.3317 8.90443 2.71526 -17.625 8.90598 2.71526 -20.6176 8.90801 2.71526 -21.1091 8.90835 2.71526 -21.1128 5.54059 2.71526 -20.6204 5.53899 2.71526 -17.625 5.52923 2.71526 
1.59111 8.66525 2.77109 -1.83933 8.79613 2.77109 -4.0154 8.87915 2.77109 -4.01651 5.48492 2.77109 -1.85787 5.47789 2.77109 1.58615 5.46668 2.77109 1.59111 8.66525 2.77109 
-11.1309 8.90158 2.62673 -9.67747 8.90059 2.62673 -9.67764 9.09517 2.62673 -9.67978 11.5487 2.62673 -11.1275 11.5517 2.62673 -11.5251 11.5526 2.62673 -13.4922 11.5568 2.62673 -13.4988 9.24096 2.62673 -13.4998 8.90319 2.62673 -11.5132 8.90184 2.62673 -11.1309 8.90158 2.62673 
-8.33644 8.89968 2.62825 -5.94453 8.89806 2.62825 -5.94476 8.95276 2.62825 -5.95543 11.5408 2.62825 -8.32201 11.5458 2.62825 -9.67978 11.5487 2.62825 -9.67764 9.09517 2.62825 -9.67747 8.90059 2.62825 -8.33644 8.89968 2.62825 
-1.83933 8.79613 2.78466 1.59111 8.66525 2.78466 1.59147 8.89295 2.78466 1.59555 11.5247 2.78466 1.59647 12.1171 2.78466 -1.8207 12.1289 2.78466 -1.82404 11.532 2.78466 -4.01454 11.5366 2.78466 -4.0154 8.89675 2.78466 -1.83877 8.89528 2.78466 -1.83933 8.79613 2.78466 
-17.625 8.90598 2.74851 -15.3317 8.90443 2.74851 -15.3306 9.31084 2.74851 -15.3242 11.5607 2.74851 -15.3224 12.1758 2.74851 -17.625 12.1838 2.74851 -20.6147 12.1942 2.74851 -21.1055 12.1959 2.74851 -21.1062 11.5729 2.74851 -21.1084 9.53128 2.74851 -21.1091 8.90835 2.74851 -20.6176 8.90801 2.74851 -17.625 8.90598 2.74851 
-17.625 12.1838 2.78238 -15.3224 12.1758 2.78238 -15.3144 14.9935 2.78238 -17.625 14.997 2.78238 -20.6123 15.0016 2.78238 -21.1024 15.0024 2.78238 -21.1055 12.1959 2.78238 -20.6147 12.1942 2.78238 -17.625 12.1838 2.78238 
-1.8207 12.1289 2.79425 1.59647 12.1171 2.79425 1.60089 14.9674 2.79425 -1.80481 14.9727 2.79425 -4.01342 14.9761 2.79425 -4.01434 12.1365 2.79425 -4.01454 11.5366 2.79425 -1.82404 11.532 2.79425 -1.8207 12.1289 2.79425 
-8.31871 12.1515 2.7936 -5.95791 12.1433 2.7936 -5.96961 14.9791 2.7936 -8.30327 14.9827 2.7936 -9.68277 14.9848 2.7936 -9.68031 12.1562 2.7936 -8.31871 12.1515 2.7936 
-11.1268 12.1612 2.79293 -9.68031 12.1562 2.79293 -9.68277 14.9848 2.79293 -11.1231 14.987 2.79293 -11.5407 14.9877 2.79293 -13.4824 14.9907 2.79293 -13.4905 12.1694 2.79293 -11.5279 12.1626 2.79293 -11.1268 12.1612 2.79293 
-17.625 14.997 2.79794 -15.3144 14.9935 2.79794 -15.3058 18.0477 2.79794 -17.625 18.0511 2.79794 -20.6097 18.0555 2.79794 -21.0991 18.0562 2.79794 -21.1024 15.0024 2.79794 -20.6123 15.0016 2.79794 -17.625 14.997 2.79794 
-1.80481 14.9727 2.79882 1.60089 14.9674 2.79882 1.60564 18.0229 2.79882 -1.78774 18.0279 2.79882 -4.01242 18.0311 2.79882 -4.01342 14.9761 2.79882 -1.80481 14.9727 2.79882 
-11.1231 14.987 2.79569 -9.68277 14.9848 2.79569 -9.68543 18.0395 2.79569 -11.1192 18.0416 2.79569 -11.5545 18.0422 2.79569 -13.4737 18.045 2.79569 -13.4824 14.9907 2.79569 -11.5407 14.9877 2.79569 -11.1231 14.987 2.79569 
-8.28662 18.0374 2.79713 -9.68543 18.0395 2.79713 -9.68277 14.9848 2.79713 -8.30327 14.9827 2.79713 -5.96961 14.9791 2.79713 -5.98221 18.034 2.79713 -8.28662 18.0374 2.79713 
-17.625 18.0511 2.79814 -15.3058 18.0477 2.79814 -15.2981 20.7489 2.79814 -15.2972 21.0895 2.79814 -17.625 21.0901 2.79814 -20.6071 21.0909 2.79814 -21.0957 21.0911 2.79814 -21.0961 20.7862 2.79814 -21.0991 18.0562 2.79814 -20.6097 18.0555 2.79814 -17.625 18.0511 2.79814 
-11.1192 18.0416 3.70836 -9.68543 18.0395 3.70836 -8.28662 18.0374 3.70836 -5.98221 18.034 3.70836 -5.99316 20.689 3.70836 -5.9948 21.087 3.70836 -5.99891 22.0826 3.70836 -8.26455 22.0843 3.70836 -9.68895 22.0854 3.70836 -11.1141 22.0865 3.70836 -11.5728 22.0869 3.70836 -13.4622 22.0884 3.70836 -13.4651 21.089 3.70836 -13.4661 20.7371 3.70836 -13.4737 18.045 3.70836 -11.5545 18.0422 3.70836 -11.1192 18.0416 3.70836 
-1.78774 18.0279 2.78878 1.60564 18.0229 2.78878 1.6097 20.6401 2.78878 1.61039 21.085 2.78878 -1.77065 21.0859 2.78878 -4.01143 21.0865 2.78878 -4.01156 20.6763 2.78878 -4.01242 18.0311 2.78878 -1.78774 18.0279 2.78878 
-1.77065 21.0859 2.79366 1.61039 21.085 2.79366 1.61193 22.0766 2.79366 1.61503 24.0743 2.79366 -1.75401 24.0632 2.79366 -4.01046 24.0558 2.79366 -4.01111 22.081 2.79366 -4.01143 21.0865 2.79366 -1.77065 21.0859 2.79366 
-17.625 21.0901 2.79504 -15.2972 21.0895 2.79504 -15.2943 22.0898 2.79504 -15.2889 24.0185 2.79504 -17.625 24.0108 2.79504 -20.6046 24.001 2.79504 -21.0925 23.9994 2.79504 -21.0946 22.0943 2.79504 -21.0957 21.0911 2.79504 -20.6071 21.0909 2.79504 -17.625 21.0901 2.79504 
-9.69603 30.2153 2.80389 -11.1037 30.2164 2.80389 -11.6095 30.2168 2.80389 -13.439 30.2183 2.80389 -13.4479 27.1032 2.80389 -13.4567 24.0246 2.80389 -13.4622 22.0884 2.80389 -11.5728 22.0869 2.80389 -11.1141 22.0865 2.80389 -9.68895 22.0854 2.80389 -8.26455 22.0843 2.80389 -5.99891 22.0826 2.80389 -6.00702 24.0492 2.80389 -6.01952 27.0789 2.80389 -6.03244 30.2125 2.80389 -8.22023 30.2142 2.80389 -9.69603 30.2153 2.80389 
-1.75401 24.0632 2.79705 1.61503 24.0743 2.79705 1.61966 27.0538 2.79705 -1.73724 27.0648 2.79705 -4.00948 27.0723 2.79705 -4.01046 24.0558 2.79705 -1.75401 24.0632 2.79705 
-17.625 24.0108 2.79079 -15.2889 24.0185 2.79079 -15.2801 27.1092 2.79079 -17.625 27.1169 2.79079 -20.602 27.1266 2.79079 -21.0891 27.1282 2.79079 -21.0925 23.9994 2.79079 -20.6046 24.001 2.79079 -17.625 24.0108 2.79079 
-1.73724 27.0648 2.79818 1.61966 27.0538 2.79818 1.62455 30.2064 2.79818 -1.71967 30.2091 2.79818 -4.00846 30.2109 2.79818 -4.00948 27.0723 2.79818 -1.73724 27.0648 2.79818 
-17.625 27.1169 2.79262 -15.2801 27.1092 2.79262 -15.2713 30.2197 2.79262 -17.625 30.2216 2.79262 -20.5993 30.2239 2.79262 -21.0857 30.2243 2.79262 -21.0891 27.1282 2.79262 -20.602 27.1266 2.79262 -17.625 27.1169 2.79262 
-11.1037 30.2164 2.8004 -9.69603 30.2153 2.8004 -9.69847 33.0111 2.8004 -11.1001 33.0111 2.8004 -11.6221 33.0111 2.8004 -13.4311 33.0111 2.8004 -13.439 30.2183 2.8004 -11.6095 30.2168 2.8004 -11.1037 30.2164 2.8004 
-8.20498 33.0111 2.81729 -9.69847 33.0111 2.81729 -9.69603 30.2153 2.81729 -8.22023 30.2142 2.81729 -6.03244 30.2125 2.81729 -6.0334 30.4448 2.81729 -6.09812 33.0111 2.81729 -8.20498 33.0111 2.81729 
-1.71967 30.2091 2.81897 1.62455 30.2064 2.81897 1.6289 33.0111 2.81897 1.62913 33.1582 2.81897 -1.70279 33.2283 2.81897 -4.00746 33.2769 2.81897 -4.00755 33.0111 2.81897 -4.00846 30.2109 2.81897 -1.71967 30.2091 2.81897 
-17.625 30.2216 2.79493 -15.2713 30.2197 2.79493 -15.2634 33.0111 2.79493 -17.625 33.0111 2.79493 -20.5969 33.0111 2.79493 -21.0827 33.0111 2.79493 -21.0857 30.2243 2.79493 -20.5993 30.2239 2.79493 -17.625 30.2216 2.79493 
-8.20498 33.0111 2.81615 -6.09812 33.0111 2.81615 -6.10594 33.321 2.81615 -6.17236 35.9549 2.81615 -8.1889 35.9589 2.81615 -9.70104 35.9619 2.81615 -9.6988 33.3967 2.81615 -9.69847 33.0111 2.81615 -8.20498 33.0111 2.81615 
-11.1001 33.0111 2.80775 -9.69847 33.0111 2.80775 -9.6988 33.3967 2.80775 -9.70104 35.9619 2.80775 -11.0964 35.9647 2.80775 -11.6355 35.9658 2.80775 -13.4226 35.9693 2.80775 -13.4297 33.4752 2.80775 -13.4311 33.0111 2.80775 -11.6221 33.0111 2.80775 -11.1001 33.0111 2.80775 
-1.70279 33.2283 2.81186 1.62913 33.1582 2.81186 1.63345 35.9393 2.81186 1.63434 36.5155 2.81186 -1.68431 36.5359 2.81186 -1.68761 35.9459 2.81186 -4.00659 35.9505 2.81186 -4.00746 33.2769 2.81186 -1.70279 33.2283 2.81186 
-17.625 33.0111 2.79197 -15.2634 33.0111 2.79197 -15.262 33.5138 2.79197 -15.255 35.973 2.79197 -15.2532 36.619 2.79197 -17.625 36.6336 2.79197 -20.5938 36.6518 2.79197 -20.5944 35.9836 2.79197 -21.0794 35.9846 2.79197 -21.082 33.6363 2.79197 -21.0827 33.0111 2.79197 -20.5969 33.0111 2.79197 -17.625 33.0111 2.79197 
-17.625 36.6336 2.78763 -15.2532 36.619 2.78763 -15.2457 39.2328 2.78763 -15.2445 39.6672 2.78763 -15.2415 40.7308 2.78763 -17.625 40.7371 2.78763 -20.5903 40.745 2.78763 -20.5911 39.7659 2.78763 -20.5916 39.2202 2.78763 -20.5938 36.6518 2.78763 -17.625 36.6336 2.78763 
-1.68431 36.5359 2.78437 1.63434 36.5155 2.78437 1.63862 39.2725 2.78437 -1.66906 39.2647 2.78437 -4.00551 39.2592 2.78437 -4.0064 36.5501 2.78437 -4.00659 35.9505 2.78437 -1.68761 35.9459 2.78437 -1.68431 36.5359 2.78437 
-8.17096 39.2494 2.62045 -9.7039 39.2458 2.62045 -9.70158 36.585 2.62045 -8.18554 36.5757 2.62045 -6.18771 36.5635 2.62045 -6.25556 39.2539 2.62045 -8.17096 39.2494 2.62045 
-9.7039 39.2458 2.63564 -11.0922 39.2426 2.63564 -11.6503 39.2412 2.63564 -13.4133 39.2371 2.63564 -13.4208 36.6078 2.63564 -11.6383 36.5969 2.63564 -11.0956 36.5936 2.63564 -9.70158 36.585 2.63564 -9.7039 39.2458 2.63564 
-6.07074 39.498 2.7405 -6.06974 39.2544 2.7405 -5.64343 39.2554 2.7405 -5.6446 39.4902 2.7405 -5.65066 40.7053 2.7405 -5.65872 42.325 2.7405 -6.08242 42.3297 2.7405 -6.07572 40.7064 2.7405 -6.07074 39.498 2.7405 
-1.66821 39.4168 2.75951 1.63875 39.3558 2.75951 1.64082 40.6859 2.75951 1.64324 42.2447 2.75951 -1.65221 42.2809 2.75951 -4.00452 42.3068 2.75951 -4.00504 40.7009 2.75951 -4.00545 39.4599 2.75951 -1.66821 39.4168 2.75951 
