2.55839
0.707228
4.04894
0.0792282
0.946334
0.261605
0.0294634
3.41234
0.943327
0.106878
1.46319
0.404493
0.0461317
1.17548
0.0275069
0.0208613
2.05516
2.31019
0.139072
1.19977
0.070594
0.0407835
1.2048
0.0112275
0.198974
0.0388066
1.1036
0.304881
0.0356382
1.34876
0.372844
0.0436948
1.299
0.359089
0.0422442
3.34436
0.924498
0.109453
2.64194
0.730347
0.087122
2.15901
0.596824
0.0715974
0.91819
0.25382
0.0305633
4.5738
1.05458
0.153382
0.945065
0.0824667
1.41086
0.283857
1.78025
2.3585
0.882132
0.234955
0.0287705
3.70793
0.716923
1.025
0.127799
1.28284
0.354622
0.0444805
1.35898
0.37567
0.0472891
3.01816
0.834324
0.105587
3.30323
0.912518
0.116449
4.24204
1.22497
0.953023
1.30054
0.335347
0.203476
0.356151
1.95695
0.656007
3.06921
0.943142
0.723352
0.000799582
0.680293
1.06464
1.54567
2.67844
1.0478
0.0717373
1.14864
0.920364
0.0264804
0.233959
0.944353
3.33925
1.11938
3.42638
0.971917
0.325804
0.997152
0.921658
0.308957
0.945679
0.844052
0.282942
0.866147
1.03178
0.345873
1.05868
0.99372
0.333113
1.01962
2.55858
0.857683
2.62517
2.02103
0.677481
2.07376
1.65161
0.553651
1.69466
0.702404
0.235459
0.720711
3.49889
1.1729
3.5901
0.78604
0.263496
0.806522
2.33879
0.10236
1.10967
0.453745
0.874313
2.80786
0.665065
0.0286477
0.897427
0.981359
0.950854
0.32897
0.880233
1.0396
0.348492
1.06669
2.30885
0.773971
2.36903
2.52693
0.847072
2.5928
4.18222
1.40196
4.29121
0.985572
0.330385
1.01127
0.208094
0.450149
3.34407
0.704912
3.11695
0.166569
1.23741
1.15337
0.60044
4.46055
4.15761
0.257526
1.91311
1.78318
0.211707
1.57274
1.46592
0.768114
5.70626
4.1543
0.223566
1.66084
0.601616
0.212005
1.57495
0.312401
0.190415
0.00374664
1.27497
0.180764
0.0565643
1.64338
0.228581
0.025277
0.267595
1.58276
0.588539
1.9248
4.0752
0.464895
1.00493
3.21905
0.221966
0.157944
0.0154265
0.161571
2.76766
1.20028
0.145136
0.804837
5.97907
3.00082
0.180808
1.34324
1.19191
0.561529
4.17155
3.88817
0.456368
3.3903
3.16
0.652472
4.84717
4.51789
0.225738
1.67699
1.56307
0.239133
1.77652
1.65583
0.531096
3.9455
3.67745
0.581261
4.31816
4.02479
0.962017
7.14681
6.66126
0.226707
1.68418
1.56979
0.0489401
0.430768
0.675253
0.159398
0.242743
0.574588
0.875027
0.246438
0.348817
0.196037
0.00654698
0.692918
0.0421316
0.21394
1.1643
0.94637
0.202877
1.15566
0.185794
0.227118
0.218739
0.563199
0.444869
0.363556
2.61519
0.154614
0.973625
0.770184
2.57207
0.168878
0.00414266
0.491028
0.0463217
0.436716
0.62438
0.216018
0.228838
0.508229
0.55623
0.920597
0.21695
0.0461557
0.208507
0.226645
0.0457834
0.160971
1.03778
0.406192
0.195519
0.580378
1.46446
1.98155
0.248863
0.628024
1.35984
0.20462
0.516331
1.12785
0.742439
1.8734
4.09227
0.21604
0.5452
1.19077
0.204907
0.517056
1.12941
0.187695
0.473571
1.03456
0.229391
0.472178
1.26439
0.220955
0.175949
1.21771
0.118123
0.450752
0.372724
0.449451
1.43284
1.13384
1.49658
0.367236
0.92656
1.9514
0.156162
0.394053
0.860751
0.777986
1.96291
4.28758
0.174799
0.44098
0.963202
0.542795
1.3695
2.99141
0.44114
1.11302
2.43118
0.630781
1.59131
2.78545
0.218233
0.550549
0.43787
0.231181
3.9396e-06
1.11739
0.430088
0.0833536
2.82923
0.561935
0.353326
1.39831
3.09646
0.930035
2.34625
5.12481
0.219172
0.552917
1.2077
0.0429925
3.93096
1.13896
1.45458
0.0702713
6.14066
0.421449
4.71134
0.0258654
0.532139
0.837169
0.0676798
1.41164
0.979098
0.0394138
0.869521
5.66948
0.032252
1.0382
0.087376
1.9523
0.115932
0.372548
1.85135
0.0334536
0.532641
1.69546
0.031599
0.491243
2.07256
0.0288241
0.600504
1.9961
0.0350954
0.578377
5.13945
0.0336394
1.48918
4.05975
0.0859899
1.17631
3.31761
0.0672696
0.961291
1.41093
0.0545249
0.408803
6.96705
0.0230745
0.0612451
0.947141
0.241012
1.33791
0.457518
1.91389
2.9897
1.42083
2.85408
1.13117
1.15474
5.56833
0.129407
1.65102
1.97127
0.0577564
0.571209
2.08824
0.0304592
0.605105
4.63783
0.0320979
1.34389
5.07589
0.0707245
1.47083
8.40086
0.0765157
2.43429
1.97975
0.124601
0.573666
0.442423
0.0290164
0.472465
5.23386
0.174827
0.630206
0.270292
0.222202
0.806192
0.234649
0.222515
1.44235
0.203779
1.73789
1.41253
0.108622
1.96377
1.17566
0.0065481
0.484938
0.0546509
0.344501
0.169581
0.844735
0.189773
0.589365
0.478989
0.684817
0.236928
0.25099
0.557424
0.610073
1.00971
0.237945
0.366379
2.35248
0.691625
1.21746
0.0118965
0.101819
0.21234
0.770452
0.224191
0.212638
0.194777
0.238046
0.229264
2.76231
0.980083
0.0724792
0.120221
0.162054
0.807242
0.181352
0.563206
0.4555
0.690418
0.589835
0.764661
0.226412
0.156524
0.239849
0.532683
0.582996
0.964892
0.227384
0.235409
1.52627
2.38682
0.564767
2.03584
1.51922
0.873163
0.651585
0.717812
0.535657
2.60436
1.85609
0.758019
0.193134
0.627796
0.0910279
0.310893
0.347449
0.677428
0.127234
0.002448
0.774997
0.173756
1.99542
0.617715
1.57623
0.481428
1.12623
0.161834
0.290331
0.257488
2.61212
0.116627
0.613002
1.90384
1.5473
2.21211
0.76533
0.81075
1.8006
1.97067
3.26157
0.768615
0.169166
4.8835
0.0693913
0.0600525
0.336417
2.29761
0.46145
3.62837
2.42493
0.85004
0.170751
0.896987
3.06468
0.615514
3.23447
1.31427
0.263991
1.38692
1.08053
0.217
1.14035
3.92047
0.787419
4.13763
1.14094
0.229156
1.204
1.08048
0.00154012
0.129854
0.118941
0.861262
0.442609
0.19905
0.768746
0.721431
0.243295
0.445139
2.84806
0.23432
0.155738
0.342378
2.37284
0.603292
0.476582
0.954704
1.83624
0.102795
1.88271
0.244448
0.580187
0.870281
3.21386
0.893918
4.33521
0.922831
0.147135
0.185349
0.973934
2.67804
0.187926
1.19586
0.372189
1.13336
3.17694
0.467822
0.153243
0.449577
1.15214
0.668852
0.231405
0.627745
1.22051
0.245138
0.959569
2.71065
0.544428
2.80904
2.96666
0.595849
3.13091
4.91002
0.986168
5.18185
1.15708
0.232402
1.22117
0.219138
0.667629
0.543511
0.810695
0.85176
0.247043
0.201081
0.315178
0.89053
0.724964
1.13614
0.381944
0.310897
0.487283
0.313989
0.255604
0.400587
1.13921
0.927405
1.4534
0.331578
0.269895
0.423025
0.314431
0.255963
0.40115
0.287954
0.234436
0.367372
0.352
0.286547
0.449082
0.339015
0.275976
0.432515
0.872874
0.710544
1.11362
0.689488
0.561295
0.879659
0.563458
0.458686
0.718861
0.23963
0.195072
0.30572
1.19367
0.971715
1.52289
0.268165
0.2183
0.342128
0.832812
0.677956
1.06251
0.676849
0.550993
0.863518
0.967701
0.787759
1.23459
0.334797
0.271622
0.427135
0.347128
0.00753986
0.667623
0.184774
0.120062
0.31617
0.862081
0.641216
0.701781
1.09984
1.42679
1.16148
1.8203
0.336234
0.273716
0.428968
0.0698545
1.0649
0.369423
2.50478
2.03569
2.01302
0.000921253
0.103943
0.0570093
1.32834
2.10012
0.957411
0.491356
0.354148
1.77179
1.27703
0.759734
0.547583
0.624667
0.450233
2.26654
1.63362
0.659531
0.475361
0.625545
1.14195
0.450865
0.572998
1.04603
0.317506
0.696123
0.00411778
0.395547
0.193249
0.481242
0.486118
1.54016
0.196251
1.25154
1.37175
0.286789
0.87526
0.988722
0.981199
0.139794
0.273488
0.203242
2.31557
0.05918
0.992995
0.533501
0.384524
1.65685
3.02464
1.19419
1.34655
2.45818
0.970536
1.92519
3.06488
1.3876
0.666065
0.588178
0.48007
0.705601
0.328522
0.508565
1.16122
0.4058
1.64251
0.072553
0.45749
2.83854
2.0459
0.668937
0.48214
0.124206
0.478992
1.21742
0.56652
0.43925
0.17718
0.450327
0.16248
0.638874
1.62379
0.585888
0.273978
0.696352
0.251225
0.225251
0.572506
0.206562
0.817275
2.07722
0.749487
0.237845
0.604517
0.218091
0.225567
0.573311
0.206852
0.206597
0.525094
0.189476
0.25252
0.641814
0.231569
0.243204
0.618137
0.223026
0.626167
1.59149
0.574194
0.494652
1.25723
0.453618
0.404217
1.02737
0.370678
0.171907
0.436925
0.157644
0.856324
2.17647
0.785276
0.192374
0.488946
0.176416
0.597451
1.5185
0.547881
0.48556
1.23412
0.445274
0.694212
1.76443
0.636614
0.240179
0.610447
0.220251
0.254433
0.646681
0.23332
0.565071
1.43621
0.518182
0.618443
1.14742
0.567132
0.182818
0.840743
0.601104
0.241212
2.5823
0.613079
0.221199
0.0494367
0.451537
3.03934
0.167024
0.712049
1.12445
0.602277
4.05403
0.156437
0.000338
0.137206
2.58404
1.36623
1.43132
1.31112
1.60239
1.54327
0.590255
3.97325
0.466306
3.13894
0.260827
0.00168554
0.0907581
2.51281
1.01126
2.19997
0.00226128
2.57525
0.0645375
4.40518
1.52407
1.61452
3.58571
3.92438
6.49508
1.53063
0.0440389
0.109588
0.0626069
0.126704
0.211754
0.217751
1.18688
0.292534
0.669881
0.0805746
0.439107
0.247877
0.290451
1.58313
0.893533
0.124573
0.678916
0.383232
0.102409
0.558171
0.315048
0.37156
1.91571
1.14305
0.108146
0.216177
0.332695
0.0562752
0.0462854
0.00662651
0.0939181
0.545718
0.511946
0.151332
0.114807
0.625743
0.349597
0.110572
0.602659
0.340159
0.284694
1.55164
0.875823
0.224883
1.22572
0.691826
0.183776
1.00165
0.56536
0.0781568
0.425985
0.240439
0.389324
2.12197
1.1977
0.0874623
0.476709
0.269069
0.271628
1.48048
0.835628
0.220759
1.20322
0.679131
0.315621
1.72026
0.970964
0.109195
0.595156
0.335927
0.115677
0.630487
0.355863
0.256907
1.40024
0.79034
0.191766
0.0894033
0.540363
0.465357
0.0550373
2.22481
1.43161
0.109666
0.597723
0.337369
0.0217134
0.657389
0.548534
1.03419
0.40231
0.243256
0.202939
0.148867
0.681145
0.195738
0.376047
0.471313
3.80475e-05
0.151394
0.309176
0.31377
0.257966
0.189208
1.12175
0.935975
0.686474
0.326494
0.27239
0.199804
0.30961
0.258329
0.189474
0.28354
0.236603
0.17352
0.346602
0.289195
0.212114
0.333815
0.278527
0.204289
0.859497
0.71711
0.525992
0.67892
0.566479
0.415481
0.554822
0.462925
0.339538
0.235957
0.196875
0.1444
1.17537
0.980693
0.719303
0.264056
0.220317
0.161596
0.820051
0.684224
0.501852
0.666469
0.556082
0.407863
0.952865
0.795039
0.583131
0.329665
0.275062
0.201747
0.349232
0.291387
0.213721
0.775607
0.647141
0.474653
0.848864
0.708265
0.519486
1.40492
1.17222
0.859779
0.331087
0.276245
0.200532
0.0667356
0.0601524
0.237395
0.30884
0.137623
0.106695
0.381483
0.00254421
0.583225
0.941954
0.0193099
0.108833
1.78049
0.0037338
1.08934
0.126925
0.501672
0.368194
0.78892
0.152576
0.0330214
0.643344
0.140939
0.0258032
0.286961
0.536897
0.230272
0.235925
0.189303
0.856013
0.686818
0.249119
0.199901
0.236259
0.189564
0.216389
0.173605
0.264489
0.212217
0.254732
0.204388
0.65584
0.526255
0.518078
0.415695
0.423377
0.339703
0.180055
0.14447
0.896904
0.719663
0.201493
0.161675
0.625769
0.502097
0.508581
0.408059
0.727125
0.583405
0.251563
0.201846
0.26649
0.213829
0.591855
0.474885
0.647764
0.51973
1.07209
0.860141
0.234703
0.0179446
0.0272435
0.138186
0.543514
1.89776
0.201082
0.724967
0.310898
0.255605
0.927409
0.269897
0.255964
0.234437
0.286549
0.275978
0.710547
0.561305
0.458688
0.195073
0.97172
0.218301
0.677961
0.550993
0.78776
0.272544
0.288721
0.641132
0.424441
0.583974
0.0192133
1.16149
0.273717
0.126104
3.83177
1.2784
1.23124
2.54066
0.550263
0.0668554
0.0968022
0.0517108
0.228745
0.739054
0.24668
0.0661409
0.0179595
0.0542673
0.0521625
0.862744
0.26035
0.0558296
0.635275
0.00356419
0.32461
0.0666687
0.72849
1.73819
1.29208
2.60221
0.142809
0.0983803
0.389451
2.56332
0.165627
1.00009
0.677878
0.00714849
0.1158
0.20344
1.56378
0.0442954
1.33546
0.452485
0.688753
9.08038e-05
0.0888353
0.558861
1.85864
0.20676
0.745508
0.319707
0.262847
0.10953
0.373197
0.397896
0.277544
0.0132458
0.263217
0.24108
0.294668
0.283797
0.730611
0.577144
0.471685
0.2006
0.999158
0.224468
0.697171
0.56657
0.810037
0.280256
0.296872
0.659324
1.47748
0.311588
0.638169
0.281462
0.118716
1.49616
0.879834
0.553627
1.99568
0.836779
0.489475
0.555767
2.26355
0.743054
0.70463
0.645292
0.788818
0.759702
1.95608
1.54511
1.26269
0.537007
2.67503
0.600953
1.86629
1.51679
2.16857
0.75027
0.794799
1.76517
0.721592
1.93189
0.556088
0.446385
0.643735
0.0561204
2.35467
0.536628
0.0191616
0.214139
0.289347
2.75101
0.109758
0.150913
0.00208561
1.02848
0.0745598
0.364574
0.0701347
1.11873
0.332581
1.20673
0.339916
0.134075
0.00019306
0.0954845
0.807951
0.343609
0.209722
0.000191786
1.12947
0.000551526
0.210759
0.0655114
1.51412
0.109208
0.718704
0.778711
0.0890387
4.79553
3.403e-05
2.91396
0.0254247
0.0274164
0.505877
0.294091
0.605846
0.331715
0.224141
0.808235
0.346566
0.284953
1.03392
0.300857
0.285354
0.261383
0.31945
0.307665
0.792102
0.625764
0.511351
0.217471
1.08329
0.243366
0.755804
0.614257
0.878212
0.303837
0.321869
0.714842
0.78236
0.337537
0.562462
0.305145
0.0452458
0.0343266
0.488165
0.00799037
0.291442
1.05075
0.450607
0.370467
1.34416
0.391181
0.370988
0.339787
0.415316
0.399994
1.02985
0.813536
0.66481
0.282733
1.40838
0.316396
0.982619
0.798598
1.14176
0.395018
0.418463
0.929364
1.01714
5.22347e-05
0.268793
0.0645255
0.0411412
0.396718
9.8098e-05
0.162846
0.732387
0.0622766
0.299588
1.41464
0.080724
0.632999
0.0787651
0.0126632
0.853642
0.117804
0.0565143
0.237525
0.483729
3.04134
1.16318
0.113805
0.0253113
0.07808
0.0628132
0.031074
0.0171921
0.12401
0.0682661
0.0280843
0.0239342
0.0249249
0.0462725
0.0316688
0.194766
0.632927
1.23843
0.789533
0.358548
0.186112
0.059928
0.108334
0.0347135
3.78059
0.685625
1.49234
0.419896
0.0504163
0.00840584
0.124258
0.00651732
0.0101602
0.0146861
0.00212969
0.110785
