#begin
14.8997 -11.1027
14.4322 -11.1044
13.9331 -11.1061
13.3208 -11.1083
12.6974 -11.1105
12.6985 -11.4158
12.7098 -14.6613
12.7133 -15.6587
12.7155 -16.2675
13.3428 -16.2653
13.9551 -16.2631
14.4542 -16.2614
14.9178 -16.2597
15.3642 -16.2582
15.8421 -16.0679
15.8406 -15.6477
15.8371 -14.6503
15.8257 -11.4048
15.8246 -11.0995
14.8997 -11.1027
#end
#begin
19.435 -14.6377
19.1966 -14.7326
18.9287 -14.8392
18.9315 -15.6369
18.9336 -16.2456
19.2019 -16.2447
19.7459 -16.2428
20.5151 -16.2401
20.5129 -15.6314
20.9161 -15.6299
20.9136 -14.6325
20.5094 -14.6339
19.7402 -14.6366
19.435 -14.6377
#end
#begin
18.7044 -11.3947
18.7033 -11.0894
17.6289 -11.0932
16.3586 -11.0976
15.8246 -11.0995
15.8257 -11.4048
15.8371 -14.6503
15.8406 -15.6477
15.8421 -16.0679
15.8427 -16.2565
16.3767 -16.2546
17.4906 -16.2507
18.7214 -16.2464
18.7193 -15.6377
18.7168 -14.9236
18.7158 -14.6402
18.7044 -11.3947
#end
#begin
19.7278 -11.0858
19.1838 -11.0877
18.9155 -11.0887
18.9166 -11.394
18.928 -14.6394
19.1963 -14.6385
19.435 -14.6377
19.7398 -14.5163
19.7402 -14.6366
20.5094 -14.6339
20.9136 -14.6325
21.4144 -14.6307
21.9247 -14.6289
22.4367 -14.6271
22.748 -14.2317
23.1289 -13.7478
23.5821 -14.1046
24.8546 -12.4802
25.4883 -11.6713
25.0855 -11.3723
24.9985 -11.3726
22.7408 -11.3806
21.9133 -11.3835
21.403 -11.3853
21.402 -11.0799
20.9047 -11.0817
20.497 -11.0831
19.747 -11.0857
19.7278 -11.0858
#end
#begin
21.9123 -11.0782
21.9133 -11.3835
22.7408 -11.3806
24.9985 -11.3726
25.0307 -11.3317
25.0904 -11.256
25.2803 -11.3717
25.6678 -11.3703
25.8301 -11.0644
26.1536 -10.4551
26.254 -10.266
26.2748 -9.75133
26.3934 -9.60068
26.7888 -9.09828
26.5096 -8.95006
26.4089 -8.89662
26.3115 -8.84488
26.3191 -8.65693
26.3314 -8.35165
26.3525 -7.83135
24.4148 -7.83814
22.7319 -7.84405
21.9009 -7.84696
21.9028 -8.36719
21.9038 -8.67242
21.9047 -8.91242
21.905 -9.01225
21.9061 -9.31617
21.9101 -10.47
21.9123 -11.0782
#end
#begin
19.565 0.546379
19.1435 0.419694
19.147 -0.592259
19.1472 -0.650106
19.6911 -0.647787
19.693 -1.16588
19.6939 -1.4317
19.6958 -1.98177
19.6959 -2.0086
19.6986 -2.77458
19.699 -2.89479
19.7029 -3.99716
19.7043 -4.38672
19.8194 -4.35177
19.7043 -4.41172
19.7062 -4.94262
19.7076 -5.33964
19.7094 -5.84688
19.713 -6.86291
19.7148 -7.38695
19.7164 -7.85463
19.7169 -7.98256
19.7183 -8.37485
19.7193 -8.68009
19.7202 -8.92009
19.1762 -8.922
19.1817 -10.4796
19.7256 -10.4776
19.7277 -11.0705
19.747 -11.0857
20.497 -11.0831
20.9047 -11.0817
21.402 -11.0799
21.3998 -10.4718
21.9101 -10.47
21.9061 -9.31617
21.905 -9.01225
21.7711 -8.91289
21.3944 -8.91421
21.3935 -8.67421
21.4492 -8.67402
21.3934 -8.63258
21.3925 -8.36898
21.3906 -7.84875
21.9009 -7.84696
21.8975 -6.8536
21.3872 -6.85577
21.385 -6.22996
21.3836 -5.84101
21.3804 -4.93675
21.8907 -4.93496
21.8874 -3.98785
21.3771 -3.99002
21.3767 -3.87894
21.8865 -3.72418
21.8849 -3.27519
21.8835 -2.88547
21.3732 -2.88765
21.3701 -2.00273
21.3681 -1.42789
21.3723 -1.42454
21.3681 -1.42456
21.3672 -1.15874
21.7036 -1.15731
21.877 -1.01743
21.8757 -0.638476
21.8264 -0.638686
21.3664 -0.928668
21.3654 -0.640651
21.3648 -0.486227
21.875 -0.461834
21.8715 0.55621
21.8708 0.749228
21.8691 1.23879
21.8688 1.32433
21.3585 1.32216
20.8734 1.32009
20.8743 0.93985
20.8748 0.744982
20.4555 0.743195
20.4552 0.813898
20.2165 0.742176
19.6863 0.739916
19.6868 0.582984
19.6869 0.546899
19.565 0.546379
#end
#begin
18.9779 -10.4803
19.1817 -10.4796
19.1762 -8.922
18.9079 -8.92294
18.6957 -8.92368
17.687 -8.92722
17.0079 -8.9296
16.351 -8.93191
15.8171 -8.93378
14.8921 -8.93703
14.423 -8.93867
13.9239 -8.94043
13.3116 -8.94257
12.6898 -8.94476
12.0465 -8.94701
11.7777 -9.16385
11.7767 -8.94796
10.9958 -8.9507
10.6655 -8.95186
10.2626 -8.95327
9.92936 -8.95444
9.4674 -8.95606
9.23832 -8.95687
8.75446 -8.95856
8.75418 -8.87927
8.75362 -8.71856
8.42323 -8.71972
7.9532 -8.72137
7.83979 -8.72177
5.4867 -8.73002
5.39772 -8.73033
4.58357 -8.73319
4.58441 -8.97319
4.59797 -8.97315
4.58442 -8.97726
4.58987 -10.5308
5.49436 -10.5276
6.14301 -10.5253
6.32609 -10.5247
7.488 -10.5206
7.43173 -10.8083
7.96092 -10.5325
7.98711 -10.5189
8.75992 -10.5161
9.24496 -10.5144
9.47404 -10.5136
9.936 -10.512
10.107 -10.5114
10.2692 -10.5108
10.3542 -10.5105
11.7834 -10.5055
12.6953 -10.5023
12.6974 -11.1105
13.3208 -11.1083
13.9331 -11.1061
14.4322 -11.1044
14.8997 -11.1027
15.8246 -11.0995
16.3586 -11.0976
17.6289 -11.0932
18.7033 -11.0894
18.9155 -11.0887
18.9134 -10.4805
18.9779 -10.4803
#end
#begin
5.49609 -10.9331
6.14301 -10.5253
5.49436 -10.5276
5.49609 -10.9331
#end
#begin
19.1626 -5.05037
18.9645 -4.94523
18.8939 -4.94547
18.6817 -4.94622
18.6788 -4.94623
17.8519 -4.94913
17.7932 -4.96693
17.7937 -4.94933
16.999 -4.95212
16.7281 -5.17065
16.4363 -4.9541
16.3371 -4.95444
16.3387 -5.40854
16.339 -5.48457
16.3403 -5.8587
16.3405 -5.92574
16.3413 -6.16455
16.3438 -6.87727
16.3473 -7.86645
16.3491 -8.38667
16.3492 -8.41108
16.3502 -8.69191
16.351 -8.93191
17.0079 -8.9296
17.687 -8.92722
18.6957 -8.92368
18.9079 -8.92294
19.1762 -8.922
19.1754 -8.682
19.1743 -8.37676
19.1725 -7.85654
19.1718 -7.65048
19.1694 -6.98224
19.169 -6.86523
19.1654 -5.84879
19.1626 -5.05037
#end
#begin
4.003 -1.49858
3.49666 -1.50074
3.49906 -2.06542
3.50289 -2.96382
3.50759 -4.06619
3.5085 -4.27888
3.51157 -4.99944
3.51542 -5.90369
3.51981 -6.93194
3.52398 -7.91144
3.5262 -8.43166
4.03255 -8.42988
4.5825 -8.42795
5.4854 -8.42479
6.41484 -8.42153
7.89953 -8.41632
7.9519 -8.41613
8.75255 -8.41332
8.77933 -8.41323
9.236 -8.41163
9.46507 -8.41082
9.49747 -8.41071
9.92703 -8.4092
9.92589 -8.14064
9.92482 -7.88898
9.92286 -7.42902
9.92255 -7.35655
9.92062 -6.90465
9.91626 -5.88124
9.9124 -4.97698
9.90841 -4.03891
9.90542 -3.33873
9.90371 -2.93654
9.90124 -2.35775
9.8999 -2.04297
9.89972 -2.00217
9.89747 -1.47345
9.43551 -1.47542
9.43656 -1.72002
9.23333 -1.59622
9.20687 -1.5801
9.20643 -1.4764
9.03782 -1.47712
8.72821 -1.47844
7.92234 -1.48187
7.54854 -1.48347
5.45585 -1.49239
4.55818 -1.49621
4.003 -1.49858
#end
#begin
11.1868 -6.34115
11.2796 -5.87645
10.2495 -5.88007
10.2538 -6.90323
9.92062 -6.90465
9.92255 -7.35655
9.92286 -7.42902
9.92482 -7.88898
9.92589 -8.14064
10.2582 -7.93115
10.3273 -7.88757
10.9573 -7.49044
11.0526 -7.01347
10.2553 -7.25552
10.2548 -7.14328
10.5351 -6.90203
11.1868 -6.34115
#end
#begin
27.4753 -5.81964
27.53 -4.91518
27.2303 -4.91623
26.4703 -4.91889
22.7246 -4.93203
21.8907 -4.93496
21.8939 -5.83922
21.8962 -6.50133
21.8975 -6.8536
21.9009 -7.84696
22.7319 -7.84405
24.4148 -7.83814
26.3525 -7.83135
26.7097 -7.83009
27.3538 -7.82783
27.4141 -6.83008
27.4753 -5.81964
#end
#begin
3.50759 -4.06619
3.50289 -2.96382
3.18888 -2.96516
2.87435 -2.9665
2.87905 -4.06887
2.88075 -4.46753
2.88303 -5.00165
2.88688 -5.90589
2.89127 -6.93462
3.2058 -6.93327
3.51981 -6.93194
3.51542 -5.90369
3.51157 -4.99944
3.5085 -4.27888
3.50759 -4.06619
#end
#begin
10.2456 -4.97582
10.2416 -4.03749
9.90841 -4.03891
9.9124 -4.97698
9.91626 -5.88124
10.2495 -5.88007
11.2796 -5.87645
11.4603 -4.97155
10.2456 -4.97582
#end
#begin
19.15 -1.43402
19.149 -1.1682
18.8807 -1.16934
18.8788 -0.65125
18.6666 -0.652154
18.6685 -1.17025
17.8949 -1.17355
17.9088 -0.655385
17.8186 -0.655769
17.791 -0.657089
17.1874 -1.17656
16.3239 -1.18024
16.3248 -1.44606
16.3264 -1.91757
16.3268 -2.02042
16.3299 -2.90915
16.3322 -3.548
16.3338 -4.01152
16.3341 -4.10096
16.3368 -4.88028
16.4363 -4.9541
16.999 -4.95212
17.7937 -4.94933
17.8519 -4.94913
18.5643 -4.73281
18.6812 -4.79483
18.8239 -4.8706
18.8935 -4.83433
18.8938 -4.90768
18.9645 -4.94523
19.1623 -4.94453
19.1614 -4.69472
19.1609 -4.5517
19.1589 -3.99948
19.1562 -3.21211
19.1551 -2.8971
19.1531 -2.32391
19.152 -2.01051
19.15 -1.43402
#end
#begin
27.3362 -2.06957
27.3302 -1.98182
26.589 -1.98442
24.3463 -1.99228
22.7172 -1.998
21.8804 -2.00094
21.8835 -2.88547
21.8849 -3.27519
21.8865 -3.72418
21.8874 -3.98785
21.8907 -4.93496
22.7246 -4.93203
26.4703 -4.91889
27.2303 -4.91623
27.53 -4.91518
27.5311 -4.89721
27.4668 -3.96407
27.4003 -3.96435
27.4483 -3.69581
27.3908 -2.862
27.3362 -2.06957
#end
#begin
9.96632 -2.04274
9.89972 -2.00217
9.8999 -2.04297
9.90124 -2.35775
9.90371 -2.93654
9.90542 -3.33873
10.2398 -3.6019
10.2369 -2.93512
10.234 -2.25774
10.2911 -2.24059
10.2338 -2.20568
10.2331 -2.0418
9.96632 -2.04274
#end
#begin
26.6549 -0.354368
26.5934 -0.236256
26.5137 -0.0833663
25.9483 0.573588
26.1708 0.574536
26.0704 0.767129
25.7713 1.34097
25.6122 1.64627
25.4501 1.6457
25.1749 1.47217
25.0882 1.57284
25.0268 1.64421
23.1968 1.63779
22.7084 1.49102
22.708 1.63608
21.8677 1.63313
21.8688 1.32433
22.1578 1.32556
21.8691 1.23879
21.8708 0.749228
21.8715 0.55621
21.875 -0.461834
21.8756 -0.60769
21.8757 -0.638476
21.877 -1.01743
21.8775 -1.15657
21.8784 -1.42239
21.8804 -2.00094
22.7172 -1.998
24.3463 -1.99228
26.589 -1.98442
26.6125 -1.40221
26.6233 -1.13634
26.637 -0.798378
26.6443 -0.618149
26.6549 -0.354368
#end
#begin
7.21267 -1.21908
5.92092 -1.22458
5.45472 -1.22657
5.4548 -1.24687
5.45585 -1.49239
7.54854 -1.48347
7.92234 -1.48187
7.92121 -1.21606
7.21267 -1.21908
#end
#begin
0.439994 0.657877
0.244015 0.657042
-0.429803 0.654169
-0.851306 0.652373
-1.513 0.649552
-1.513 0.456532
-1.513 -0.738172
-1.513 -1.25627
-0.843182 -1.25341
-0.42168 -1.25162
0.252139 -1.24875
0.52567 -1.24758
0.502379 -0.729581
0.809678 -0.728271
0.804585 0.466411
0.803763 0.659428
0.439994 0.657877
#end
#begin
17.8186 -0.655769
17.9088 -0.655385
17.8949 -1.17355
18.6685 -1.17025
18.6666 -0.652154
18.8788 -0.65125
18.8807 -1.16934
19.149 -1.1682
19.1472 -0.650106
19.147 -0.592259
19.1435 0.419694
18.9876 0.372871
19.1431 0.50671
19.143 0.54458
19.1423 0.737597
19.1403 1.3127
18.872 1.31156
18.874 0.736454
18.6618 0.735549
17.9461 0.732498
17.9615 1.30767
16.3152 1.30066
15.7812 1.29838
15.7832 0.723279
14.8582 0.719336
14.8562 1.29444
14.3794 1.29241
13.8802 1.29028
13.2679 1.28767
12.7098 1.28529
12.6549 1.0105
12.6539 1.28505
11.7331 1.28113
11.7356 0.706026
10.2214 0.699571
10.2222 0.506555
9.88904 0.505134
9.64408 0.50409
9.42708 0.503165
9.42817 0.246414
9.19836 0.416951
9.198 0.502189
9.08415 0.501703
8.82552 0.693621
8.7206 0.693174
8.72127 0.500157
8.7056 0.50009
8.34485 0.691572
7.91309 0.689732
5.49771 0.679436
5.44659 0.679218
4.80459 0.676481
4.54985 0.877006
4.55056 0.675399
3.99375 0.673025
3.4874 0.670867
3.17339 0.669528
2.85886 0.668188
1.66338 0.663092
1.66093 1.23819
0.801311 1.23453
0.803763 0.659428
0.804585 0.466411
0.809678 -0.728271
1.66929 -0.724607
2.86478 -0.719511
3.17931 -0.718171
3.49331 -0.716832
3.49552 -1.23492
4.00187 -1.23276
4.55724 -1.2304
5.45472 -1.22657
5.92092 -1.22458
7.1453 -1.16605
7.21267 -1.21908
7.92121 -1.21606
8.60449 -1.21314
8.42662 -1.10479
8.72685 -1.09043
9.20469 -1.06759
9.20309 -0.692494
9.41024 -0.691611
9.43217 -0.691517
9.89413 -0.689548
10.2273 -0.688128
10.2287 -1.01863
11.0782 -0.978019
11.4563 -0.959943
11.7426 -0.946254
12.2692 -0.921081
12.6616 -0.902319
13.2772 -0.872889
13.8893 -0.843622
14.3884 -0.819762
14.3892 -1.00904
14.8638 -0.866415
14.8636 -0.797046
14.8631 -0.668367
15.5323 -0.665515
15.1384 -0.783908
15.7884 -0.752832
16.3223 -0.727306
16.3239 -1.18024
17.1874 -1.17656
17.791 -0.657089
17.8186 -0.655769
#end
#begin
7.90927 1.58416
7.9029 3.07835
5.52541 3.14253
5.43608 3.14494
5.43997 2.23345
5.44277 1.5755
5.44414 1.25432
5.44646 0.710658
5.49771 0.679436
7.91309 0.689732
7.9121 0.921273
7.91063 1.26483
7.91017 1.37287
7.90927 1.58416
#end
#begin
11.1191 8.04621
10.1901 8.04225
10.1974 6.33097
10.1989 5.97604
10.2044 4.69858
10.2099 3.39741
10.2116 3.01603
11.7259 2.97516
11.7318 1.59757
11.7331 1.28113
12.6539 1.28505
12.7098 1.28529
13.2679 1.28767
13.8802 1.29028
14.3794 1.29241
14.3781 1.60685
14.3725 2.90372
13.8733 2.91719
13.2609 2.93372
13.2563 4.02217
13.2534 4.70928
13.2479 5.98903
13.2464 6.33865
13.2393 8.00662
13.0909 8.05461
12.6302 8.05265
11.7043 8.0487
11.1191 8.04621
#end
#begin
19.3948 6.01523
19.6677 6.0164
19.6665 6.35483
19.1226 6.35346
18.8543 6.35279
18.6421 6.35225
18.6424 6.25865
18.3553 6.35153
18.0967 6.35088
18.0876 6.00966
16.2987 6.00204
15.7647 5.99976
14.8397 5.99582
14.3594 5.99377
14.3648 4.71318
14.3725 2.90372
14.3781 1.60685
14.3794 1.29241
14.8562 1.29444
14.8582 0.719336
15.7832 0.723279
15.7812 1.29838
16.3152 1.30066
17.9615 1.30767
18.6598 1.31065
18.872 1.31156
19.1403 1.3127
19.6842 1.31502
19.6832 1.62547
19.6792 2.76047
19.6722 4.7318
19.6681 5.92684
19.3948 6.01523
#end
#begin
20.4414 4.7345
19.6722 4.7318
19.6792 2.76047
19.6832 1.62547
19.6842 1.31502
20.0843 1.31672
20.4534 1.3183
20.8734 1.32009
21.3585 1.32216
21.3574 1.63134
21.8677 1.63313
22.708 1.63608
23.1968 1.63779
25.0268 1.64421
25.1774 1.64474
25.477 1.88645
25.1843 2.23508
24.8606 2.62061
23.4925 4.2501
23.0855 3.89979
22.7012 4.34626
22.7002 4.74242
22.3613 4.74123
21.8568 4.73946
21.3465 4.73767
20.8647 4.73598
20.4414 4.7345
#end
#begin
3.14934 6.31321
3.14209 8.0122
2.82756 8.01086
1.63208 8.00577
0.772464 8.0021
0.212717 7.99972
0.216628 7.082
0.219937 6.30583
0.221524 5.9335
0.223487 5.47307
0.245172 4.99078
0.225498 5.00123
0.226937 4.66357
0.228578 4.27857
0.230242 3.88826
0.232812 3.28539
-0.441097 3.30358
-0.862655 3.31496
-0.855146 1.55341
-0.853757 1.22747
-0.432255 1.22927
0.241564 1.23214
0.240178 1.55725
0.39953 1.55781
0.41414 1.23288
0.801311 1.23453
1.66093 1.23819
1.65955 1.56223
1.65333 3.02135
1.65275 3.15751
1.65236 3.24707
2.84801 3.2148
3.16258 3.20631
3.16157 3.44279
3.15632 4.67385
3.15535 4.90127
3.1509 5.94599
3.14934 6.31321
#end
#begin
4.5248 8.0181
3.96245 8.0157
3.9697 6.31528
3.97126 5.94949
3.97668 4.67673
3.97833 4.29057
3.98304 3.18416
4.54181 3.16908
5.43608 3.14494
5.52541 3.14253
7.9029 3.07835
8.7123 3.0565
9.18716 3.04368
9.41628 3.0375
9.40921 4.69579
9.40377 5.97265
9.40225 6.32897
9.39496 8.03886
9.16588 8.03788
8.69483 8.03587
7.88179 8.03241
5.41529 8.02189
4.5248 8.0181
#end
#begin
13.3936 4.70977
13.8656 4.71143
13.8602 5.99164
13.6494 5.99074
13.2479 5.98903
13.2534 4.70928
13.2563 4.02217
13.3936 4.70977
#end
#begin
#end
#begin
-0.449861 5.3597
-0.447521 4.81078
-0.446884 4.66121
-0.445343 4.29981
-0.441097 3.30358
0.232812 3.28539
0.230242 3.88826
0.228578 4.27857
0.226937 4.66357
0.225498 5.00123
0.223487 5.47307
0.202788 5.93342
-0.452295 5.93063
-0.449861 5.3597
#end
#begin
19.3948 6.01523
19.6681 5.92684
19.6722 4.7318
20.4414 4.7345
20.8647 4.73598
20.8627 5.54035
20.8615 6.02149
20.4369 6.01968
20.4357 6.35677
19.6665 6.35483
19.6677 6.0164
19.3948 6.01523
#end
#begin
7.87601 9.388
5.40947 9.388
5.41529 8.02189
7.88179 8.03241
7.87601 9.388
#end
