1.58387 20.1669 0 -0.00160299 -0.999999 -0
-10.5391 33.2982 0 1 -0.000698647 0
-21.0581 16.8115 0 -0.00182358 -0.999998 -0
-21.1597 15.3197 0 -0.00481428 -0.999988 -0
-8.38045 30.1051 0 1 -0.00095305 0
1.66804 18.1879 0 -0.0017641 -0.999998 -0
-8.91646 -2.40063 0 0.999999 -0.00104953 0
-13.2459 5.50169 0 0.999995 -0.00318597 0
-13.3415 8.86556 0 0.999993 -0.00377702 0
-9.89732 24.0029 0 1 -8.29197e-05 0
-10.1559 17.9675 0 0.999528 -0.0307183 0
-15.4775 21.6338 0 -0.002727 -0.999996 -0
-3.98073 20.7467 0 -0.00141269 -0.999999 -0
-8.73585 33.1558 0 1 -0.000894655 0
-9.72414 22.3364 0 0.00391984 -0.999992 0
-4.14118 25.3305 0 -0.000149911 -1 -0
-13.5962 11.6592 0 -0.0491677 -0.998791 -0
-11.2674 14.939 0 0.999966 -0.00822874 0
-9.73709 23.9903 0 -0.00667443 -0.999978 -0
-11.5538 2.64309 0 0.999999 -0.00113039 0
-11.8675 36.3579 0 1 0.000294978 0
-8.76221 30.2489 0 1 -0.000558433 0
-6.25283 19.4388 0 0.00051274 -1 0
-10.5427 14.9152 0 0.999974 0.00716243 0
-14.6968 2.84591 0 0.999944 0.0106025 0
-11.0622 5.83186 0 0.999999 -0.00140185 0
-13.5299 13.6591 0 -0.00403293 -0.999992 -0
-5.94205 11.4686 0 0.00060947 -1 0
-10.0969 18.0386 0 0.999999 -0.00153752 0
-15.2992 23.562 0 -0.00342113 -0.999994 -0
-17.6793 21.1025 0 0.999998 0.00177836 0
-11.5222 3.71391 0 0.0173799 -0.999849 0
-8.18176 3.67811 0 -0.005573 -0.999985 -0
-11.1337 17.8923 0 1 -0.000937259 0
-11.1037 11.7884 0 1 -0.00102271 0
-7.99094 27.0582 0 0.999999 -0.00131677 0
-8.51418 5.67038 0 0.999999 -0.00132873 0
-7.13472 39.2613 0 0.999993 0.0036194 0
-7.82711 36.2077 0 0.999999 -0.00106776 0
-9.25891 22.1561 0 0.999999 0.00127373 0
-1.47881 42.297 0 1 -0.000940565 0
-10.8437 20.9462 0 1 -0.000766731 0
-20.6042 37.3614 0 -0.0021908 -0.999998 -0
-7.34617 24.1536 0 1 -0.000952292 0
-14.2965 12.0307 0 0.999777 0.0210998 0
-8.40619 3.54761 0 -0.00198212 -0.999998 -0
-11.1026 8.79796 0 0.999946 0.0104285 0
-5.91896 25.0615 0 -0.0188463 -0.999822 -0
-17.8505 40.7464 0 1 -0.000901394 0
-9.41229 1.28018 0 0.99994 0.0109872 0
-13.9942 18.2572 0 -0.0121882 -0.999926 -0
-1.90071 1.24127 0 -0.0101801 -0.999948 -0
-8.69661 -2.00941 0 0.999996 0.0029829 0
-9.95096 22.0509 0 0.99999 -0.00458763 0
-11.5986 3.92818 0 0.999897 -0.014385 0
-9.83232 15.112 0 0.999999 0.00131398 0
-9.28819 11.5554 0 0.999996 -0.0026873 0
-12.1432 27.2049 0 0.999999 -0.0010985 0
-9.73883 33.0114 0 0.999999 0.00125843 0
-10.2079 36.5904 0 0.999982 -0.00593312 0
-9.65767 35.9785 0 0.999996 -0.00272897 0
-21.1601 30.4712 0 -0.00515322 -0.999987 -0
-19.328 20.8259 0 0.999997 0.00248504 0
-11.1443 1.02978 0 0.00139135 -0.999999 0
-6.0764 2.98624 0 0.999353 -0.0359687 0
-9.84388 -2.51984 0 0.999994 -0.00345645 0
-3.31598 11.9269 0 1 -0.000912139 0
-5.64536 15.2673 0 0.0249064 -0.99969 0
-0.956753 39.422 0 0.99995 -0.00999886 0
-17.6449 0.469062 0 0.0116293 -0.999932 0
-17.4735 0.507891 0 -0.00841416 -0.999965 -0
-13.1894 12.852 0 0.000273375 -1 0
-14.0581 13.421 0 -0.0180824 -0.999837 -0
-13.3727 19.1107 0 -0.00278261 -0.999996 -0
