-2.5965 -2.5965 1.933 1.933 
1.55644 -2.5965 1.70836 42.742 
-21.233 33.0929 1.933 33.2119 
-21.233 17.8234 1.933 18.1066 
-15.5015 -2.5965 -15.2904 42.742 
-4.10688 -2.5965 -4.01848 42.742 
-9.8776 -2.5965 -9.60516 42.742 
-13.6329 -2.5965 -13.3342 42.742 
-21.233 14.9061 1.933 15.0692 
-21.233 2.71914 1.933 3.09891 
-20.9446 -2.5965 -20.758 42.742 
-21.233 36.2356 1.933 36.339 
-21.233 30.1433 1.933 30.2022 
-6.23603 -2.5965 -5.78184 42.742 
-21.233 5.62818 1.933 5.72489 
-21.233 2.62175 -21.0422 42.742 
-21.233 20.951 1.933 21.2428 
-11.9762 -2.5965 -11.3042 42.742 
-8.34294 -2.5965 -8.10038 42.742 
-21.233 11.766 1.933 11.9319 
-21.233 27.094 1.933 27.173 
-21.233 39.1534 1.933 39.3943 
-21.233 21.9624 1.933 22.1626 
-21.233 42.2475 1.933 42.3384 
-21.233 24.0248 1.933 24.0683 
-21.233 8.74288 1.933 8.94308 
-21.233 40.6897 1.933 40.9639 
-21.233 1.12873 1.933 1.43484 
-1.92437 -2.5965 -1.43803 42.742 
-21.233 -2.28325 1.933 -2.12255 
-21.233 17.6744 -21.0682 42.742 
-11.3781 -2.5965 -11.0972 42.742 
-18.4053 -2.5965 1.933 -2.42175 
-17.8126 -2.5965 -17.2482 42.742 
