0.0154778
0.000177475
0.396713
0.00881608
0.304888
0.034436
0.0526664
0.707342
0.507067
0.00415021
0.00714582
0.174961
0.377461
0.921677
0.0178109
0.0799259
0.46334
0.172283
0.826094
0.0120488
0.0356858
0.686425
0.0122207
0.34459
1.06775
0.822343
1.52531
0.523433
0.62193
0.863925
0.310117
0.168983
0.180415
0.0834317
0.28087
0.0319484
0.0724137
0.365596
0.00219941
0.5855
0.106867
0.0255138
0.258973
0.0379034
0.843382
0.0755948
0.0139566
0.281821
0.398497
0.139032
0.144595
0.204459
0.0713339
0.313091
0.000575511
0.394586
0.20568
0.0090279
0.537627
0.329152
0.0620106
0.182465
0.256165
0.847956
0.212318
0.045686
0.047105
0.136769
0.514847
0.355135
0.232164
0.552839
0.231801
0.781267
0.268055
0.174369
0.0345773
0.33039
0.0774224
0.269662
0.0133241
0.139603
0.166037
0.125319
0.229571
0.0819121
0.13055
0.18461
0.0644048
0.847243
1.19805
0.41627
0.205183
0.125628
0.146692
0.166085
0.000146885
0.0646549
0.0819131
1.74709
0.018358
0.531322
0.20911
0.011231
0.228194
0.331106
0.767286
0.468218
0.163316
0.0482803
0.860806
0.955434
0.695424
0.533585
0.185445
0.20491
0.115224
0.644377
0.713271
0.364934
0.0996515
0.00601007
0.646201
0.0493617
0.697012
0.0138452
0.0788827
0.0856539
0.122788
0.0404998
0.101358
0.291207
0.00297935
0.232461
0.180591
0.0977357
0.107462
0.0606102
0.604939
0.664518
0.375143
0.262338
0.28784
0.162685
0.0478891
0.0396855
0.0353063
0.086711
0.107917
0.0481652
0.286026
0.313715
0.177282
0.454814
0.49776
0.282147
0.558195
0.593163
0.346162
0.0697688
0.402886
0.211644
0.457874
0.509637
0.499334
0.283948
0.520562
0.566732
0.322922
0.496069
0.539753
0.307542
0.263417
0.2862
0.163357
0.154561
0.167834
0.0958498
0.121526
0.131913
0.0753635
0.12388
0.664815
0.373683
0.307913
0.807558
0.333325
0.190955
0.154639
0.167299
0.0959016
0.282873
0.997234
0.0104279
0.515395
0.448212
1.23529
0.0112126
0.0568419
0.301546
0.283083
0.00670405
0.119188
0.0171146
0.331344
0.488654
0.259808
0.159704
0.143023
0.165954
0.370263
0.845183
1.6523e-05
0.0581473
0.0777727
0.130124
0.00844916
0.0556892
0.0416032
0.0809238
0.448228
0.051893
0.216436
0.0816904
0.238291
0.352272
0.215899
0.354495
0.420398
0.164781
0.0463909
0.00143875
0.463735
0.3515
0.00851872
0.403948
0.616696
0.146315
0.267136
0.00521139
0.0413226
0.0978089
0.637114
0.467688
0.170189
2.23464
0.203466
0.402675
0.245268
0.0700361
0.570093
1.29722
0.335492
0.790091
0.118356
0.195362
0.164419
0.425621
0.495713
0.589942
0.544492
0.0144716
0.309471
2.41341
0.166669
0.00192685
0.105869
2.12087
0.480016
0.018927
0.191635
0.870806
0.0855992
0.0643094
0.292271
0.043556
0.238804
0.153308
0.00241253
0.271925
0.112531
0.0783866
0.00353581
0.207566
0.164029
0.0600817
0.208786
0.075312
0.0885682
0.352765
0.122796
0.188465
0.00135499
0.0843934
0.0665572
0.209273
0.23581
0.178101
0.431083
0.189238
0.408193
0.312609
0.119463
0.978948
0.433275
0.30132
1.01495
0.417731
0.340974
0.796185
0.472863
0.122604
0.189296
0.0113628
0.00473662
0.121357
0.0491468
0.413912
0.124184
0.0576822
0.101697
0.293618
0.147446
0.140681
0.0799692
0.102579
0.110872
0.154893
0.0105188
0.353569
0.18719
0.0186991
0.00374582
0.0214504
0.903241
0.0803074
0.949742
0.462292
0.131624
0.454258
0.33235
4.91441
1.51024
0.45838
0.202854
0.921722
0.281199
0.0186432
0.0108049
0.88506
0.680296
0.174149
0.0134223
0.614905
0.738278
0.0449302
2.26975
1.20415
0.272385
3.26081
0.789213
0.412353
2.02911
0.216031
0.246783
0.51574
0.406601
0.0660248
0.9418
0.138714
0.122039
0.313841
0.273317
0.0409589
0.289987
0.00576949
0.168845
1.57464e-05
0.048743
0.213417
0.206699
0.109941
0.228379
0.455086
0.0564068
0.763483
0.661258
0.122273
0.0596311
0.779356
0.0719824
0.101429
0.42789
0.103505
2.1605e-06
0.097546
0.609778
0.0093948
0.205144
0.105474
0.395663
0.191885
0.0067499
0.544434
0.704501
0.757165
0.195155
1.36907
0.51204
0.0925013
0.707719
0.304261
0.110393
0.361685
0.241212
0.0647716
0.200169
0.950731
0.0509287
0.657215
1.86563
0.647828
0.0287095
0.778096
0.32942
0.129062
0.38645
3.67685
0.0647854
3.93286
0.618927
0.688693
0.575359
0.0717713
0.743619
0.160401
0.627828
0.103429
0.129168
1.51689
0.771757
0.324693
1.13668
0.333149
0.506366
0.178072
0.343914
0.000620544
0.717196
0.0958872
0.0878882
0.0256075
0.0725051
1.00802
0.464881
0.0357519
0.20284
0.508053
0.806146
0.0171782
0.210418
0.00668144
0.840931
0.814428
0.925831
0.884688
0.469616
0.274448
0.0993295
0.0474913
1.4079
0.517366
0.102843
0.125521
0.0981186
0.260365
2.25487
0.863586
0.553166
0.0193941
0.590061
0.237248
0.633365
0.166846
0.922139
0.320095
0.173784
0.614589
1.18523
0.639186
0.869732
1.70032
0.899438
0.615808
1.17308
0.651164
0.149875
0.290213
0.157066
0.274099
0.531978
0.287068
0.0919354
0.178544
0.096346
0.56838
1.0954
0.596396
0.066078
0.0567364
0.0799897
0.0614571
0.118634
0.0527127
0.126227
0.369301
0.245869
0.132686
0.271988
0.530539
0.285844
0.293877
0.128035
0.26507
0.210483
0.0191246
0.183695
0.00550241
0.115446
0.40753
0.0332044
0.12206
0.0374453
0.183556
0.0930244
0.00027264
0.328651
0.421122
0.139606
0.0317509
0.0386474
0.365546
0.345537
0.0230758
0.287312
0.244351
0.23627
0.0430854
0.471886
0.259698
0.143279
0.282315
0.152373
0.112609
0.221991
0.1198
0.7298
1.44072
0.777385
0.284466
0.562438
0.303532
0.142723
0.282422
0.152402
1.51256
3.00175
1.61983
0.463272
0.922553
0.497835
0.282373
0.517953
0.303832
0.0333563
1.29603
0.340095
1.58657
0.28325
1.43951
0.324944
1.18151
0.169285
1.6081
1.25657
0.291096
0.520251
0.162041
1.67339
0.0572213
0.0938578
0.101396
0.0497224
0.771905
0.0916762
0.842133
0.0931755
0.00148803
1.48813
0.0724915
0.353735
0.0187846
0.118767
0.000524132
0.480363
0.320772
0.0168574
0.217618
0.0458778
0.543788
0.108821
0.492602
0.896119
0.288907
0.369854
0.0258421
0.131666
0.212036
0.129161
0.85161
0.100729
1.09531
1.3921
0.0177058
0.554473
0.278224
2.95328
0.906001
0.552631
0.0896384
0.534313
0.431809
0.115592
0.0345752
0.108528
0.412936
0.099363
0.376469
0.0509725
0.164219
0.1016
0.18089
0.0607106
0.37577
0.162957
0.0396676
0.0439421
0.177502
0.282688
0.346735
0.0813764
0.18267
0.284416
0.323533
0.307976
0.163629
0.096007
0.0754899
0.115427
0.344676
0.191266
0.0960574
0.255936
0.0429888
0.431822
0.313198
0.313717
0.0719895
0.0402593
0.0101586
0.39167
0.52539
0.0816764
0.292494
0.769321
0.379096
0.663756
0.127984
0.180072
0.0456107
0.140441
0.044018
0.0012024
0.0218038
0.0215369
0.0166672
0.0404388
0.178622
0.0885172
0.177069
0.0799934
0.101065
0.251748
0.214804
0.207153
0.234547
0.240665
0.092627
0.00250666
0.182643
0.000328217
0.04888
0.0549812
0.309605
0.409937
0.162389
0.14866
0.132284
0.00643519
0.141062
0.0657605
1.04505
0.00240848
0.0726607
0.131533
0.0252235
0.317447
0.630992
0.0402149
0.20814
0.0858229
0.26458
0.00979777
0.60123
0.00870242
0.00463098
0.334996
0.0166675
0.0964058
0.0450879
0.0224147
0.538762
0.214498
0.200918
0.748062
1.1714
0.0539468
0.127915
0.219241
0.10598
0.215938
0.38752
0.0385859
0.0694567
0.13006
0.272561
0.396172
0.805013
0.136255
0.15375
0.349106
0.0670013
0.0643289
0.0103161
0.166343
0.148494
0.293244
0.21089
0.607185
0.403823
0.213238
0.74281
0.379549
0.141594
0.627033
0.0763164
0.326112
0.379218
0.499185
0.0913207
0.0776357
0.694682
0.51331
0.033722
0.658201
0.288577
0.00262301
0.35054
0.170855
0.000528633
0.00389791
0.205677
0.134347
0.00572786
0.161723
0.676607
0.195271
0.110508
0.340389
0.0368832
0.0635498
0.409756
0.17095
0.0375897
0.205788
1.43841
0.183852
0.194376
0.0327352
0.422953
0.133909
0.13535
4.5752e-06
0.340781
0.173397
0.191377
0.218216
0.0125946
0.0477486
0.912343
0.0610935
0.152656
0.437033
0.346648
1.04467
0.0481671
0.120151
0.809137
0.477135
0.192908
0.165929
0.352141
0.345576
0.118186
0.118621
0.731517
0.734803
0.11292
0.129994
0.202592
0.00170395
0.125034
0.0377268
0.0229041
0.340644
0.00976692
0.164769
0.435057
0.0628665
0.331758
0.65941
0.00019716
0.0652336
0.361919
0.0722733
0.111552
0.50835
0.0452983
0.162608
0.196677
0.342949
0.0470961
0.28929
0.427507
0.0977112
0.0555297
0.119387
0.0575125
0.316746
0.00174871
0.136436
0.186865
0.189141
0.146945
0.149213
0.953702
0.969345
0.372376
0.379005
0.186969
0.190357
1.98722
2.02814
0.610748
0.624929
0.372743
0.381784
0.0418204
0.405209
0.51404
0.184109
0.684523
0.993416
0.665296
0.167246
0.30711
0.103073
0.555334
0.0825998
0.00968015
0.0409983
0.745098
0.0436647
0.23566
0.141947
0.555839
0.300407
0.188161
0.00618651
0.401543
0.0731224
0.168003
0.264714
1.36079
0.323956
0.832803
0.136833
0.125298
0.146176
0.220393
0.214918
0.285226
0.00367839
0.0222703
0.0331241
0.231534
0.0651328
0.307016
0.185192
0.52812
0.676385
0.177424
0.100385
0.162623
0.00037592
0.12815
0.0497356
0.831693
0.121332
0.324729
0.163059
1.73309
0.532645
0.168202
1.0728
0.156852
0.0451231
0.0410916
0.605669
0.10767
1.06601
0.157588
0.652367
0.241483
0.23927
0.193016
0.133522
0.20847
0.404768
0.0977649
0.0140995
0.471779
0.7398
0.137319
0.214814
0.24241
0.379841
0.0813585
0.1278
0.503571
0.794554
0.218379
0.346458
0.112044
0.178203
0.00822155
0.00122512
0.0290492
0.22849
0.348143
0.379993
0.609044
0.46466
0.749115
0.392061
0.635819
0.212407
0.168743
0.162407
0.434729
0.713905
0.411558
0.679462
0.219278
0.363834
0.128662
0.214015
0.101162
0.168555
0.649919
0.00662305
0.249623
0.00668622
0.311703
0.128729
0.217656
1.36293
0.00505257
0.0879773
0.162754
0.305342
0.311899
0.255841
0.645982
0.000763169
0.00101813
0.366301
0.055458
0.158291
0.154303
0.0517874
0.0373703
0.0303814
0.00679226
0.00352101
0.154705
0.106643
0.131343
0.113355
0.158952
0.001334
0.0104677
0.00468756
0.0346276
0.179443
0.00165122
0.016457
0.870765
0.0394242
0.0234361
1.04243
0.28073
0.21372
0.781802
0.960986
0.344721
0.0277679
0.00918196
0.0155864
0.265045
0.833784
0.0855474
0.139275
0.11962
0.00713169
0.124626
0.0949861
0.0142499
0.0606521
0.112206
0.0669904
0.622702
0.174713
0.185829
0.422834
0.0101222
0.554595
0.0126012
0.0284511
0.842459
0.0921291
0.313883
0.697608
0.0774767
0.064722
0.17104
0.020322
0.00543371
0.595752
0.105468
0.151785
0.0472937
0.118444
0.029124
0.0575844
1.27829
0.187097
0.160096
0.796721
0.268786
0.20186
0.0133029
0.16085
0.500236
7.71265e-05
2.5778
0.0788194
1.10606
0.00367394
0.0389739
0.262573
0.214396
0.00622643
0.521017
0.109938
0.626617
0.282077
0.234962
0.199435
0.308866
0.0869653
0.359099
0.0386426
0.208966
0.115417
0.193695
0.227343
0.150547
0.00044471
0.0194901
0.0405883
1.17325
0.0231232
0.128683
0.108129
0.1363
0.117902
0.0399389
0.237033
0.404091
0.00903531
0.984594
0.151097
0.0330317
0.544077
0.526995
0.980803
0.221287
0.00892224
0.175274
0.125667
2.066e-05
0.0549795
0.177138
0.319387
0.186571
0.16417
0.471239
0.285563
0.116758
0.0283341
0.0862348
0.00797804
2.02925
1.64941
1.37178
0.435995
0.00491843
1.08268
0.43734
1.09098
0.887688
0.833495
0.833942
0.635249
1.28846
0.0517736
1.41598
0.386846
0.0169442
0.278831
0.687533
0.494375
0.230752
0.165924
1.42825
1.02698
0.619381
0.445366
0.190067
0.175128
0.127716
0.0533743
0.673978
0.483959
1.07514
0.773751
1.31789
0.947631
0.688035
0.426567
0.0543112
1.08103
0.767716
1.23038
0.885376
1.1699
0.840542
0.621933
0.446668
0.364911
0.258492
0.286927
0.20059
0.82257
1.03954
0.445876
0.726988
0.459185
0.365108
0.224918
1.77366
0.870451
0.595064
0.0277205
1.1924
0.527767
0.727817
2.793e-06
0.000667725
0.0540018
0.00134126
0.0652923
0.144829
0.0383827
0.746481
0.00960445
0.0572614
0.410671
0.089395
0.107551
0.435843
0.331959
0.00787053
0.00360281
0.0348271
0.00767379
0.189011
0.140856
0.180357
0.218034
0.58873
0.46854
0.477406
0.197312
0.133821
0.0165479
0.000563069
0.0414681
0.00693789
0.349528
0.0849599
0.0764073
0.265103
0.349336
0.972815
0.287493
1.02384
0.25145
0.277058
0.150028
0.49652
0.15768
0.149652
0.129509
0.0937694
0.211301
0.0984986
0.511128
0.525172
0.0700408
0.0837149
0.210126
0.0423684
0.125193
0.185895
0.00444875
0.0292505
0.0968984
0.0452694
0.185203
0.0210774
0.432644
0.295138
0.451481
0.381627
0.0206279
0.137636
0.462447
0.0956216
0.00211407
0.444675
0.48322
0.46145
0.365198
0.126622
0.373471
0.490101
0.249542
0.506821
0.408303
0.249678
0.00753176
0.10649
0.104552
0.0464864
0.0838972
0.0816849
0.0011594
0.037137
0.765813
0.00666025
0.302254
0.668762
0.310343
0.248148
0.151898
0.155822
0.124426
0.403008
0.341047
0.876177
0.500027
0.449298
0.460024
0.26588
0.0397906
0.0274483
0.276628
0.0251553
0.485678
0.35213
0.853087
0.636857
0.829766
1.86566
0.284529
1.02296
1.15154
0.284979
0.0338135
0.366953
0.180527
0.547608
0.0256688
0.0212845
0.345721
0.391113
0.516237
0.505837
0.0585669
0.00208777
0.13227
0.103605
0.0187452
0.00163435
0.0186096
0.129613
0.0027047
0.348378
0.583521
0.424884
0.571138
0.630681
0.785255
0.0563784
0.0861579
0.136751
0.0136818
0.0360107
0.202718
0.011049
0.365158
0.13577
0.00019338
0.0813144
0.302728
0.0824062
0.574034
0.809151
0.0615705
0.874966
0.452466
0.252684
0.651582
0.503656
1.43047
0.921189
0.745376
0.206083
0.338791
0.199214
0.825431
0.253439
0.0705849
0.340041
0.897538
0.432156
0.154597
1.12841
0.818
0.265477
0.00818508
0.11574
0.757606
0.728459
0.753664
3.36954
0.790493
3.57467
0.324433
0.449255
3.62055
0.0016769
0.737849
2.18692
0.484545
1.27083
0.222614
0.800332
0.344359
0.0903798
0.0897376
0.0120984
1.9225
0.0490949
0.0959556
0.00408875
0.0962084
2.72797
0.162012
0.227397
0.470587
0.738331
0.0123607
0.991734
0.0449373
0.214244
0.659234
0.887572
1.52452
0.436963
1.22357
0.0121226
1.07276
0.141656
0.00723768
0.146621
0.0857909
0.050454
0.268026
0.160822
0.327104
0.305169
0.258103
0.953878
0.0272096
0.184864
0.0500188
0.0258664
0.1162
0.130422
0.140917
0.0106764
0.00255802
0.181144
0.117774
0.301809
0.0512675
0.0183554
1.38758
0.806167
1.10146
4.20571
0.29077
0.168736
0.890678
1.03488
0.603905
3.1443
1.31571
0.779605
3.88072
1.19846
0.695107
1.9973
0.25
0.00779577
0.270391
0.249768
0.049986
1.30765
0.118075
0.037776
0.43593
0.963953
6.5815e-05
1.3504
0.249104
0.50514
0.0842697
0.475661
0.059305
0.025044
0.20961
0.00463478
0.143853
0.411534
0.0294645
0.0463525
1.34327
0.543803
0.0913765
0.88666
0.0727273
5.30608e-05
1.80521
0.680969
0.140284
0.0719093
0.234507
0.449664
0.49152
0.462532
0.435131
0.359389
0.586147
0.493556
0.0543887
0.406505
0.122169
0.0042039
0.00685743
0.197715
0.162347
0.003445
0.0466434
0.107972
0.131223
0.00502586
0.949449
0.0954625
0.154293
0.485642
0.254309
0.0001785
0.252994
0.243784
0.295142
0.117057
0.190811
0.38705
2.20014
2.27127
0.793487
1.56334
0.487291
1.40061
0.483969
0.28667
0.952664
0.0395766
3.35659
0.00286181
1.37678
0.404198
0.803277
0.489682
0.287876
0.000803621
0.249301
0.0401539
0.100461
1.11106
0.485271
0.00473201
0.0554804
2.20999
0.913825
2.30783
2.23036
2.53025
2.42192
0.929113
0.14738
0.347191
0.0253014
0.598111
0.0329777
0.559004
0.0479758
0.0790868
0.386714
0.607166
0.0715799
0.0592621
0.0892372
0.250851
0.909453
1.31547
1.05952
0.54893
0.0742342
0.0866236
0.0101446
0.202708
0.1661
0.0526027
0.0821863
0.000758885
6.993e-06
0.266071
0.200885
0.268165
0.0518877
0.119416
0.616988
0.58983
0.0490276
0.00542537
0.432952
0.291565
0.360722
0.319391
0.0333591
0.110757
0.145243
0.318167
0.0764146
0.151227
0.00982898
0.286525
0.332528
0.0729132
0.151635
0.131748
0.269839
0.044217
0.0468566
0.0391724
0.197924
0.06325
0.0172325
0.0204549
0.0355073
0.001955
0.0100563
0.111289
0.0135248
0.0488906
0.000786905
0.388568
0.143007
0.0798823
0.109247
0.00992606
0.0890543
0.0210442
0.0160723
0.194413
0.132889
0.00418332
0.0312055
0.743474
0.155824
0.00792072
0.0111246
0.0122215
0.387118
0.174665
0.387308
0.185662
0.0140458
0.0373674
0.0401589
0.0147017
0.107104
0.000572616
0.183451
0.92991
0.0374776
1.21751
1.01727
0.613228
4.17433e-05
0.063192
0.780844
0.00118657
0.117456
2.75948e-05
2.61352
0.0328248
0.149333
0.157789
0.024169
0.360288
0.305311
0.136302
0.0420421
0.0347187
6.48736
0.180757
0.833395
1.1401
0.0499084
0.0356084
0.408387
0.0134481
0.14857
0.996141
0.396327
0.27587
0.0219549
0.0360417
0.592891
0.126803
0.00185666
0.368081
0.221247
0.0391279
0.0135017
0.0492396
0.1814
0.00390192
0.0733542
0.00386453
0.579778
3.7307
2.8676
0.749313
0.19877
0.0337698
4.86058
0.0025937
0.000110275
0.00863528
0.00765942
0.0232556
0.0795794
0.0825587
0.0243762
2.70506
0.251221
1.17771
0.0112836
1.22652
0.110961
0.629865
0.00411896
0.0451473
0.0600928
0.184184
0.0633752
0.0976309
0.253346
0.0643904
0.0233697
0.000762749
0.35262
0.0206459
0.500249
0.0170761
0.00384121
0.0558494
0.0888432
0.178525
0.0252265
0.639007
0.0785507
0.422763
1.0175
0.108466
0.0750977
0.49839
0.956897
0.130186
1.16638
2.4659
0.372851
0.502138
0.289555
0.230093
0.939043
1.9914
0.191982
0.0137124
0.115254
0.058795
0.125919
0.179302
0.168948
0.265863
0.286243
0.254707
0.101466
0.310005
0.174856
0.000173166
0.0305783
0.035062
0.0755674
0.00431339
0.323125
0.168015
0.0124106
0.798938
1.41693
0.0486931
0.0136029
0.66895
0.00953261
0.635593
0.0376619
0.509418
0.329258
0.000773734
0.364297
0.392108
0.000468485
0.00926967
0.0429066
0.0337879
0.0438091
0.165327
0.114983
0.00021352
0.00606437
0.0549452
0.0922209
0.0290809
0.175941
0.0950745
0.0021193
0.00105373
0.138365
0.0965486
0.0201339
0.306528
0.150044
0.00676582
0.3287
0.0313023
2.73976
0.00177432
0.00865277
0.0193209
0.131174
0.0994381
0.118988
0.0518603
0.119127
0.183525
0.00224348
0.0402165
0.0841971
0.000613845
0.2248
0.778051
0.494506
0.0148281
0.189478
0.472962
0.555937
0.620858
0.594895
0.290225
0.179421
0.968555
0.0248788
0.0675885
2.87195
0.000184251
0.0246966
0.047147
0.345067
0.035087
0.146164
0.0725178
0.00761523
0.0276947
0.0473615
0.0156616
0.224119
0.086064
0.0929892
0.577754
0.192849
0.00413988
0.0671299
0.317592
0.00620764
0.00451309
0.0311355
0.00015909
0.0439129
2.93388e-05
0.0133849
0.0664815
0.0568488
0.00521817
0.000613438
0.0310258
0.821582
0.902872
0.0146122
0.86253
0.311575
0.176497
0.717538
0.0351619
0.0134759
0.0517462
0.0806286
0.167124
0.0383292
0.936651
1.49501
1.9304
0.0318932
0.0499064
2.2945e-06
0.00242625
0.00759504
0.000950549
0.03402
0.0010786
0.00205554
0.00905852
0.228899
0.0934197
0.166619
0.005257
0.0806492
0.240287
0.00778314
0.0852102
0.178793
0.000426702
0.251468
0.128681
0.00495481
0.0124838
0.0167665
3.6605e-06
0.00734069
0.00155753
0.052769
0.0858441
0.0238496
0.000171395
0.549385
0.0570726
0.535961
0.00636817
0.781544
0.586765
0.754426
0.182011
0.776433
1.18979
3.70145e-05
0.0298441
0.164778
0.00485226
0.0353899
0.0580593
0.14912
0.0237757
3.4012e-05
0.0575665
0.00119023
0.00324135
0.0475276
0.0153508
0.14631
0.115813
0.258675
0.152659
0.24209
0.000466615
0.348728
0.00528351
0.00915031
0.00769959
0.00666871
0.0432288
0.0346921
0.000874575
0.0269814
0.000347875
0.291871
0.396357
0.110908
0.0312972
0.110052
0.0156521
0.0227935
0.0148688
0.00733811
0.00015296
0.101077
0.00568314
0.0369016
0.0461985
0.00296685
0.179773
0.00854865
0.00874259
0.00438903
0.0218603
0.0771165
0.0331225
0.021102
0.00153346
0.0766503
0.00453785
0.000109393
0.0771168
0.00366042
0.0652941
0.134683
0.784854
0.0270996
0.300029
2.33757
0.275399
0.640735
0.194379
0.204787
0.341583
0.314539
0.00268892
0.187584
0.131516
0.0880375
0.126532
0.0152552
0.000306501
0.00150175
0.0202797
5.945e-06
0.00278861
0.006404
0.0481877
0.0785077
0.00386939
0.0663889
0.0183085
0.327603
0.00539043
0.227481
0.0574424
0.036716
0.0260771
0.115479
0.135486
3.37345
0.00611573
0.796879
0.107358
0.0315001
0.0194749
0.0349561
0.00692682
0.00178793
0.0210804
0.00576998
0.00051211
0.000301986
0.14718
0.686101
0.446084
0.00674828
0.039112
0.0337636
0.153542
0.104252
0.000840723
0.0683315
0.0645417
0.00162356
5.00884
0.408971
0.551527
0.0335294
0.0117051
0.253986
0.0275529
0.0612152
0.051927
0.035453
0.210149
0.0926755
0.102149
0.459524
0.0397501
0.0522918
0.309259
0.0258859
0.226247
0.0547711
0.120501
1.09986
0.129454
0.0024699
0.150744
0.00984833
0.0216408
0.0912979
0.0502459
0.224956
0.00010934
0.0345007
0.782202
0.0226607
0.0974044
0.113186
0.646034
0.321383
0.958174
0.776797
0.815257
0.460749
0.202736
0.640145
1.22463
0.705355
2.46245
1.02633
0.0120386
0.0699303
0.0932794
0.104848
0.00589636
0.0423667
0.136181
0.0670076
0.918397
0.00141449
0.0040231
0.000441563
0.0112121
3.7296e-05
0.0169647
0.0116694
0.071501
