#begin
-6.36532 15.9507 -8.2478 15.9507
-8.2478 15.9507 -9.0005 15.9507
-9.0005 15.9507 -12.5365 15.9507
-12.5365 15.9507 -14.9023 15.9507
-14.9023 15.9507 -15.384 15.9507
-15.384 15.9507 -18.8974 15.9507
-18.8974 15.9507 -21.4261 15.9507
-21.4261 15.9507 -21.4346 14.0304
-21.4346 14.0304 -18.8756 14.0304
-18.8756 14.0304 -15.384 14.0304
-15.384 14.0304 -14.8862 14.0304
-14.8862 14.0304 -12.5436 14.0304
-12.5436 14.0304 -9.0005 14.0304
-9.0005 14.0304 -8.25111 14.0304
-8.25111 14.0304 -8.25236 13.3051
-8.25236 13.3051 -8.26015 8.78451
-8.26015 8.78451 -8.26086 8.37397
-8.26086 8.37397 -8.2616 7.94503
-8.2616 7.94503 -8.26462 6.19109
-8.26462 6.19109 -8.26585 5.47772
-8.26585 5.47772 -8.26725 4.67
-8.26725 4.67 -8.2691 3.59238
-8.2691 3.59238 -8.27098 2.50324
-8.27098 2.50324 -8.27209 1.86094
-8.27209 1.86094 -8.27314 1.25176
-8.27314 1.25176 -8.27337 1.118
-8.27337 1.118 -6.30845 1.118
-6.30845 1.118 -5.78747 1.118
-5.78747 1.118 -2.64304 1.118
-2.64304 1.118 0.909696 1.118
0.909696 1.118 0.909596 1.24827
0.909596 1.24827 0.909147 1.83447
0.909147 1.83447 0.908592 2.55719
0.908592 2.55719 0.907788 3.60636
0.907788 3.60636 0.906775 4.92667
0.906775 4.92667 0.906321 5.51964
0.906321 5.51964 0.905846 6.1389
0.905846 6.1389 0.904453 7.9553
0.904453 7.9553 -2.64454 7.95132
-2.64454 7.95132 -5.77368 7.94782
-5.77368 7.94782 -6.33463 7.94719
-6.33463 7.94719 -6.33615 8.34303
-6.33615 8.34303 -6.33781 8.77468
-6.33781 8.77468 -6.35521 13.3146
-6.35521 13.3146 -6.35796 14.0304
-6.35796 14.0304 -5.76141 14.0304
-5.76141 14.0304 -2.64588 14.0304
-2.64588 14.0304 0.899794 14.0304
0.899794 14.0304 0.898321 15.9507
0.898321 15.9507 -2.6463 15.9507
-2.6463 15.9507 -5.75753 15.9507
-5.75753 15.9507 -6.36532 15.9507
#end
#begin
3.72029 1.82636 3.7199 1.2472
3.7199 1.2472 6.74466 1.24606
6.74466 1.24606 6.74537 1.81763
6.74537 1.81763 6.74633 2.59149
6.74633 2.59149 6.74761 3.61526
6.74761 3.61526 6.74944 5.09014
6.74944 5.09014 3.72245 5.00545
3.72245 5.00545 3.7215 3.61065
3.7215 3.61065 3.7208 2.57371
3.7208 2.57371 3.72029 1.82636
#end
#begin
16.7519 1.78877 17.1385 1.78766
17.1385 1.78766 17.1417 2.65258
17.1417 2.65258 17.1454 3.6311
17.1454 3.6311 16.7523 3.6305
16.7523 3.6305 16.4379 3.63002
16.4379 3.63002 13.7435 3.62592
13.7435 3.62592 13.75 5.286
13.75 5.286 13.7511 5.57834
13.7511 5.57834 13.753 6.06578
13.753 6.06578 16.3952 6.05074
16.3952 6.05074 16.7528 6.04871
16.7528 6.04871 17.1544 6.04642
17.1544 6.04642 17.1615 7.96533
17.1615 7.96533 16.7531 7.9719
16.7531 7.9719 16.6863 7.97297
16.6863 7.97297 16.3614 7.97261
16.3614 7.97261 16.3613 7.97819
16.3613 7.97819 16.3493 8.65866
16.3493 8.65866 13.7631 8.67188
13.7631 8.67188 13.0932 8.67531
13.0932 8.67531 10.7989 8.68704
10.7989 8.68704 10.7753 8.06798
10.7753 8.06798 10.7714 7.96635
10.7714 7.96635 10.1786 7.96568
10.1786 7.96568 10.1781 6.08613
10.1781 6.08613 10.1779 5.56201
10.1779 5.56201 10.1778 5.18605
10.1778 5.18605 10.1773 3.62048
10.1773 3.62048 10.177 2.61165
10.177 2.61165 10.1767 1.80774
10.1767 1.80774 10.1765 1.24475
10.1765 1.24475 10.5155 1.24463
10.5155 1.24463 13.0705 1.24366
13.0705 1.24366 13.7343 1.2434
13.7343 1.2434 16.4799 1.24236
16.4799 1.24236 16.4703 1.78959
16.4703 1.78959 16.7519 1.78877
#end
#begin
19.3034 15.9507 17.1912 15.9507
17.1912 15.9507 16.7547 15.9507
16.7547 15.9507 16.2209 15.9507
16.2209 15.9507 13.7914 15.9507
13.7914 15.9507 13.1154 15.9507
13.1154 15.9507 11.0754 15.9507
11.0754 15.9507 10.1811 15.9507
10.1811 15.9507 9.78375 15.9507
9.78375 15.9507 6.76296 15.9507
6.76296 15.9507 3.72989 15.9507
3.72989 15.9507 2.439 15.9507
2.439 15.9507 1.32036 15.9507
1.32036 15.9507 0.898321 15.9507
0.898321 15.9507 0.899794 14.0304
0.899794 14.0304 1.43768 14.0304
1.43768 14.0304 2.439 14.0304
2.439 14.0304 3.72858 14.0304
3.72858 14.0304 6.76057 14.0304
6.76057 14.0304 9.78957 14.0304
9.78957 14.0304 10.1805 14.0304
10.1805 14.0304 11.0023 14.0304
11.0023 14.0304 13.1095 14.0304
13.1095 14.0304 13.7839 14.0304
13.7839 14.0304 16.2547 14.0304
16.2547 14.0304 16.7543 14.0304
16.7543 14.0304 17.1841 14.0304
17.1841 14.0304 17.1819 13.4329
17.1819 13.4329 17.1641 8.65449
17.1641 8.65449 17.1615 7.9735
17.1615 7.9735 17.1615 7.96533
17.1615 7.96533 17.1544 6.04642
17.1544 6.04642 17.1527 5.59388
17.1527 5.59388 17.1519 5.38117
17.1519 5.38117 17.1454 3.6311
17.1454 3.6311 17.1417 2.65258
17.1417 2.65258 17.1385 1.78766
17.1385 1.78766 19.2227 1.78165
19.2227 1.78165 19.2277 2.66484
19.2277 2.66484 19.2332 3.63428
19.2332 3.63428 19.2435 5.43969
19.2435 5.43969 19.2445 5.60344
19.2445 5.60344 19.2469 6.03451
19.2469 6.03451 19.2577 7.93164
19.2577 7.93164 19.258 7.97585
19.258 7.97585 19.2618 8.64376
19.2618 8.64376 19.2891 13.4435
19.2891 13.4435 19.2925 14.0304
19.2925 14.0304 19.7953 14.0304
19.7953 14.0304 21.0644 14.0304
21.0644 14.0304 21.0518 15.9507
21.0518 15.9507 19.7964 15.9507
19.7964 15.9507 19.3034 15.9507
#end
#begin
19.2445 5.60344 19.2435 5.43969
19.2435 5.43969 19.2332 3.63428
19.2332 3.63428 19.2277 2.66484
19.2277 2.66484 19.2227 1.78165
19.2227 1.78165 19.7881 1.78002
19.7881 1.78002 21.1451 1.7761
21.1451 1.7761 22.7236 1.77155
22.7236 1.77155 22.7024 2.68526
22.7024 2.68526 23.1539 2.68792
23.1539 2.68792 23.6159 2.69063
23.6159 2.69063 23.6428 3.641
23.6428 3.641 23.6971 5.5643
23.6971 5.5643 23.6988 5.6238
23.6988 5.6238 23.7097 6.00912
23.7097 6.00912 23.762 7.85924
23.762 7.85924 23.113 7.86967
23.113 7.86967 22.5817 7.87821
22.5817 7.87821 22.5794 7.97957
22.5794 7.97957 21.1043 7.97792
21.1043 7.97792 19.7917 7.97645
19.7917 7.97645 19.258 7.97585
19.258 7.97585 19.2577 7.93164
19.2577 7.93164 19.2469 6.03451
19.2469 6.03451 19.2445 5.60344
#end
#begin
9.8076 8.08354 6.75323 8.13263
6.75323 8.13263 6.75302 7.96185
6.75302 7.96185 6.75071 6.10563
6.75071 6.10563 6.75001 5.54634
6.75001 5.54634 6.74944 5.09014
6.74944 5.09014 9.81642 5.17594
9.81642 5.17594 9.81525 5.56035
9.81525 5.56035 9.81365 6.0882
9.81365 6.0882 9.80796 7.96527
9.80796 7.96527 9.8076 8.08354
#end
#begin
19.7949 13.446 19.2891 13.4435
19.2891 13.4435 19.2618 8.64376
19.2618 8.64376 19.7921 8.64105
19.7921 8.64105 19.7917 7.97645
19.7917 7.97645 21.1043 7.97792
21.1043 7.97792 22.5794 7.97957
22.5794 7.97957 22.5643 8.62687
22.5643 8.62687 23.107 8.6241
23.107 8.6241 23.7835 8.62064
23.7835 8.62064 23.794 8.99259
23.794 8.99259 23.794 9.26609
23.794 9.26609 23.6199 13.4652
23.6199 13.4652 23.0688 13.4625
23.0688 13.4625 22.452 13.4594
22.452 13.4594 22.4388 14.0304
22.4388 14.0304 21.0644 14.0304
21.0644 14.0304 21.0682 13.4524
21.0682 13.4524 19.7949 13.446
#end
#begin
-2.64572 13.3333 -2.64588 14.0304
-2.64588 14.0304 -5.76141 14.0304
-5.76141 14.0304 -6.35796 14.0304
-6.35796 14.0304 -6.35521 13.3146
-6.35521 13.3146 -6.33781 8.77468
-6.33781 8.77468 -5.77202 8.77179
-5.77202 8.77179 -2.64472 8.7558
-2.64472 8.7558 -2.64572 13.3333
#end
#begin
-2.64572 13.3333 -2.64472 8.7558
-2.64472 8.7558 0.903853 8.73765
0.903853 8.73765 1.76133 8.73326
1.76133 8.73326 2.439 8.7298
2.439 8.7298 2.439 13.3588
2.439 13.3588 2.439 14.0304
2.439 14.0304 1.43768 14.0304
1.43768 14.0304 0.899794 14.0304
0.899794 14.0304 -2.64588 14.0304
-2.64588 14.0304 -2.64572 13.3333
#end
#begin
6.75395 8.70773 9.80575 8.69212
9.80575 8.69212 9.79149 13.3958
9.79149 13.3958 9.78957 14.0304
9.78957 14.0304 6.76057 14.0304
6.76057 14.0304 3.72858 14.0304
3.72858 14.0304 2.439 14.0304
2.439 14.0304 2.439 13.3588
2.439 13.3588 2.439 8.7298
2.439 8.7298 3.72498 8.72322
3.72498 8.72322 6.75395 8.70773
#end
#begin
21.0518 15.9507 21.0644 14.0304
21.0644 14.0304 22.4388 14.0304
22.4388 14.0304 23.0643 14.0304
23.0643 14.0304 23.0491 15.9507
23.0491 15.9507 23.0149 20.2883
23.0149 20.2883 23.0105 20.8449
23.0105 20.8449 23.0059 21.4259
23.0059 21.4259 22.2668 21.4307
22.2668 21.4307 21.0157 21.4388
21.0157 21.4388 19.7996 21.4466
19.7996 21.4466 19.7993 20.8423
19.7993 20.8423 19.799 20.3244
19.799 20.3244 19.7964 15.9507
19.7964 15.9507 21.0518 15.9507
#end
#begin
-5.74812 20.6116 -5.75753 15.9507
-5.75753 15.9507 -2.6463 15.9507
-2.6463 15.9507 -2.64731 20.5768
-2.64731 20.5768 -2.64737 20.8244
-2.64737 20.8244 -2.64747 21.291
-2.64747 21.291 -5.7468 21.2635
-5.7468 21.2635 -5.7477 20.8219
-5.7477 20.8219 -5.74812 20.6116
#end
#begin
-21.4261 15.9507 -18.8974 15.9507
-18.8974 15.9507 -18.9521 20.7601
-18.9521 20.7601 -18.9527 20.8113
-18.9527 20.8113 -18.9565 21.1463
-18.9565 21.1463 -18.9569 21.1764
-18.9569 21.1764 -18.9575 21.2312
-18.9575 21.2312 -18.9581 21.2838
-18.9581 21.2838 -21.4024 21.2569
-21.4024 21.2569 -21.4027 21.1962
-21.4027 21.1962 -21.403 21.1372
-21.403 21.1372 -21.403 21.1246
-21.403 21.1246 -21.4044 20.8093
-21.4044 20.8093 -21.4045 20.7876
-21.4045 20.7876 -21.8337 20.7925
-21.8337 20.7925 -21.8341 15.9507
-21.8341 15.9507 -21.4261 15.9507
#end
#begin
-18.9521 20.7601 -18.8974 15.9507
-18.8974 15.9507 -15.384 15.9507
-15.384 15.9507 -15.3841 20.72
-15.3841 20.72 -15.3841 20.8141
-15.3841 20.8141 -15.3841 21.178
-15.3841 21.178 -15.3841 21.2336
-15.3841 21.2336 -18.9569 21.1764
-18.9569 21.1764 -18.9565 21.1463
-18.9565 21.1463 -18.9527 20.8113
-18.9527 20.8113 -18.9521 20.7601
#end
#begin
-14.9023 15.9507 -12.5365 15.9507
-12.5365 15.9507 -12.5189 20.6878
-12.5189 20.6878 -12.5184 20.8164
-12.5184 20.8164 -12.517 21.2034
-12.517 21.2034 -12.5167 21.2795
-12.5167 21.2795 -14.9466 21.2406
-14.9466 21.2406 -15.3841 21.2336
-15.3841 21.2336 -15.3841 21.178
-15.3841 21.178 -15.3841 20.8141
-15.3841 20.8141 -14.943 20.8145
-14.943 20.8145 -14.9422 20.715
-14.9422 20.715 -15.3841 20.72
-15.3841 20.72 -15.384 15.9507
-15.384 15.9507 -14.9023 15.9507
#end
#begin
-12.5189 20.6878 -12.5365 15.9507
-12.5365 15.9507 -9.0005 15.9507
-9.0005 15.9507 -9.0005 20.6482
-9.0005 20.6482 -9.0005 20.8193
-9.0005 20.8193 -9.0005 21.2346
-9.0005 21.2346 -12.517 21.2034
-12.517 21.2034 -12.5184 20.8164
-12.5184 20.8164 -12.5189 20.6878
#end
#begin
-6.38322 20.6188 -8.23971 20.6396
-8.23971 20.6396 -9.0005 20.6482
-9.0005 20.6482 -9.0005 15.9507
-9.0005 15.9507 -8.2478 15.9507
-8.2478 15.9507 -6.36532 15.9507
-6.36532 15.9507 -5.75753 15.9507
-5.75753 15.9507 -5.74812 20.6116
-5.74812 20.6116 -6.38322 20.6188
#end
#begin
-2.64731 20.5768 -2.6463 15.9507
-2.6463 15.9507 0.898321 15.9507
0.898321 15.9507 0.894804 20.5369
0.894804 20.5369 0.894582 20.8272
0.894582 20.8272 0.894202 21.3224
0.894202 21.3224 -2.64747 21.291
-2.64747 21.291 -2.64737 20.8244
-2.64737 20.8244 -2.64731 20.5768
#end
#begin
0.894804 20.5369 0.898321 15.9507
0.898321 15.9507 1.32036 15.9507
1.32036 15.9507 2.439 15.9507
2.439 15.9507 3.72989 15.9507
3.72989 15.9507 3.73298 20.505
3.73298 20.505 3.7332 20.8295
3.7332 20.8295 3.73356 21.3476
3.73356 21.3476 2.439 21.3361
2.439 21.3361 0.992101 21.3232
0.992101 21.3232 0.894202 21.3224
0.894202 21.3224 0.894582 20.8272
0.894582 20.8272 0.894804 20.5369
#end
#begin
3.73298 20.505 3.72989 15.9507
3.72989 15.9507 6.76296 15.9507
6.76296 15.9507 6.76859 20.4709
6.76859 20.4709 6.76904 20.8319
6.76904 20.8319 6.76972 21.3745
6.76972 21.3745 3.73356 21.3476
3.73356 21.3476 3.7332 20.8295
3.7332 20.8295 3.73298 20.505
#end
#begin
9.77014 20.4372 6.76859 20.4709
6.76859 20.4709 6.76296 15.9507
6.76296 15.9507 9.78375 15.9507
9.78375 15.9507 10.1811 15.9507
10.1811 15.9507 10.1825 20.4325
10.1825 20.4325 9.77014 20.4372
#end
#begin
13.8086 20.3918 13.7914 15.9507
13.7914 15.9507 16.2209 15.9507
16.2209 15.9507 16.7547 15.9507
16.7547 15.9507 16.7556 20.3586
16.7556 20.3586 16.7557 20.8399
16.7557 20.8399 16.7558 21.463
16.7558 21.463 16.124 21.4574
16.124 21.4574 13.8127 21.4369
13.8127 21.4369 13.8103 20.8375
13.8103 20.8375 13.1303 20.837
13.1303 20.837 13.1289 20.3994
13.1289 20.3994 13.8086 20.3918
#end
#begin
17.1912 15.9507 19.3034 15.9507
19.3034 15.9507 19.7964 15.9507
19.7964 15.9507 19.799 20.3244
19.799 20.3244 19.7993 20.8423
19.7993 20.8423 19.3313 20.842
19.3313 20.842 19.3347 21.4496
19.3347 21.4496 17.2118 21.4634
17.2118 21.4634 16.97 21.4649
16.97 21.4649 16.7558 21.463
16.7558 21.463 16.7557 20.8399
16.7557 20.8399 16.7556 20.3586
16.7556 20.3586 16.7547 15.9507
16.7547 15.9507 17.1912 15.9507
#end
#begin
10.1825 20.4325 10.1811 15.9507
10.1811 15.9507 11.0754 15.9507
11.0754 15.9507 13.1154 15.9507
13.1154 15.9507 13.1289 20.3994
13.1289 20.3994 13.1303 20.837
13.1303 20.837 13.1321 21.4309
13.1321 21.4309 11.2834 21.4145
11.2834 21.4145 11.2614 20.8355
11.2614 20.8355 10.1827 20.8346
10.1827 20.8346 10.1825 20.4325
#end
