#begin
-17.625 -2.02011 -17.625 -2.41174
-17.625 -2.41174 -15.3639 -2.44995
-15.3639 -2.44995 -14.225 -2.4692
-14.225 -2.4692 -14.2242 -2.01662
-14.2242 -2.01662 -14.2187 1.34667
-14.2187 1.34667 -15.3531 1.34997
-15.3531 1.34997 -17.625 1.35658
-17.625 1.35658 -17.625 -2.02011
#end
#begin
-4.0191 -2.48314 -1.90208 -2.43352
-1.90208 -2.43352 -1.89968 -2.00396
-1.89968 -2.00396 -1.88116 1.31075
-1.88116 1.31075 -4.01787 1.31697
-4.01787 1.31697 -5.2989 1.3207
-5.2989 1.3207 -5.21497 -2.00737
-5.21497 -2.00737 -5.20227 -2.51087
-5.20227 -2.51087 -4.0191 -2.48314
#end
#begin
-20.6229 2.65364 -21.1159 2.65101
-21.1159 2.65101 -21.1174 1.36675
-21.1174 1.36675 -21.1211 -2.0237
-21.1211 -2.0237 -20.6269 -2.02319
-20.6269 -2.02319 -20.6272 -2.361
-20.6272 -2.361 -17.625 -2.41174
-17.625 -2.41174 -17.625 -2.02011
-17.625 -2.02011 -17.625 1.35658
-17.625 1.35658 -17.625 2.66963
-17.625 2.66963 -20.6229 2.65364
#end
#begin
-11.479 1.33869 -11.4851 2.70238
-11.4851 2.70238 -13.5175 2.69154
-13.5175 2.69154 -13.5214 1.34464
-13.5214 1.34464 -13.5309 -2.0159
-13.5309 -2.0159 -13.5323 -2.48091
-13.5323 -2.48091 -11.4616 -2.51591
-11.4616 -2.51591 -11.4638 -2.01378
-11.4638 -2.01378 -11.479 1.33869
#end
#begin
-1.89968 -2.00396 -1.90208 -2.43352
-1.90208 -2.43352 1.57401 -2.35205
1.57401 -2.35205 1.57456 -2.0004
1.57456 -2.0004 1.57968 1.30067
1.57968 1.30067 1.58196 2.77208
1.58196 2.77208 -1.87309 2.75365
-1.87309 2.75365 -1.88116 1.31075
-1.88116 1.31075 -1.89968 -2.00396
#end
#begin
-9.67208 2.71205 -11.1388 2.70423
-11.1388 2.70423 -11.1406 1.3377
-11.1406 1.3377 -11.1449 -2.01345
-11.1449 -2.01345 -9.66797 -2.01194
-9.66797 -2.01194 -8.39593 -2.01063
-8.39593 -2.01063 -8.37771 1.32966
-8.37771 1.32966 -8.37014 2.719
-8.37014 2.719 -9.67208 2.71205
#end
#begin
-5.91328 1.32249 -8.37771 1.32966
-8.37771 1.32966 -8.39593 -2.01063
-8.39593 -2.01063 -5.89955 -2.00807
-5.89955 -2.00807 -5.91328 1.32249
#end
#begin
-5.2989 1.3207 -4.01787 1.31697
-4.01787 1.31697 -1.88116 1.31075
-1.88116 1.31075 -1.87309 2.75365
-1.87309 2.75365 -4.0174 2.74221
-4.0174 2.74221 -5.33457 2.73519
-5.33457 2.73519 -5.2989 1.3207
#end
#begin
-17.625 1.35658 -15.3531 1.34997
-15.3531 1.34997 -14.2187 1.34667
-14.2187 1.34667 -14.2165 2.68781
-14.2165 2.68781 -15.3493 2.68177
-15.3493 2.68177 -17.625 2.66963
-17.625 2.66963 -17.625 1.35658
#end
#begin
-17.625 3.92152 -15.3458 3.92476
-15.3458 3.92476 -15.3413 5.5218
-15.3413 5.5218 -17.625 5.52923
-17.625 5.52923 -20.6204 5.53899
-20.6204 5.53899 -21.1128 5.54059
-21.1128 5.54059 -21.1146 3.91656
-21.1146 3.91656 -20.6218 3.91726
-20.6218 3.91726 -20.6229 2.65364
-20.6229 2.65364 -17.625 2.66963
-17.625 2.66963 -17.625 3.92152
#end
#begin
1.58379 3.94882 1.58615 5.46668
1.58615 5.46668 -1.85787 5.47789
-1.85787 5.47789 -4.01651 5.48492
-4.01651 5.48492 -4.01701 3.94086
-4.01701 3.94086 -1.86644 3.94392
-1.86644 3.94392 -1.87309 2.75365
-1.87309 2.75365 1.58196 2.77208
1.58196 2.77208 1.58379 3.94882
#end
#begin
-5.49224 8.89776 -5.47526 5.48967
-5.47526 5.48967 -5.46754 3.9388
-5.46754 3.9388 -5.36493 3.93895
-5.36493 3.93895 -5.33457 2.73519
-5.33457 2.73519 -4.0174 2.74221
-4.0174 2.74221 -4.01701 3.94086
-4.01701 3.94086 -4.01651 5.48492
-4.01651 5.48492 -4.0154 8.87915
-4.0154 8.87915 -4.0154 8.89675
-4.0154 8.89675 -4.01454 11.5366
-4.01454 11.5366 -4.01434 12.1365
-4.01434 12.1365 -4.01342 14.9761
-4.01342 14.9761 -4.01242 18.0311
-4.01242 18.0311 -4.01156 20.6763
-4.01156 20.6763 -4.01143 21.0865
-4.01143 21.0865 -4.01111 22.081
-4.01111 22.081 -4.01046 24.0558
-4.01046 24.0558 -4.00948 27.0723
-4.00948 27.0723 -4.00846 30.2109
-4.00846 30.2109 -4.00755 33.0111
-4.00755 33.0111 -4.00746 33.2769
-4.00746 33.2769 -4.00659 35.9505
-4.00659 35.9505 -4.0064 36.5501
-4.0064 36.5501 -4.00551 39.2592
-4.00551 39.2592 -4.00545 39.4599
-4.00545 39.4599 -4.00504 40.7009
-4.00504 40.7009 -4.00452 42.3068
-4.00452 42.3068 -5.65872 42.325
-5.65872 42.325 -5.65066 40.7053
-5.65066 40.7053 -5.6446 39.4902
-5.6446 39.4902 -5.64343 39.2554
-5.64343 39.2554 -5.63001 36.5601
-5.63001 36.5601 -5.62699 35.9538
-5.62699 35.9538 -5.61383 33.3107
-5.61383 33.3107 -5.61233 33.0111
-5.61233 33.0111 -5.59839 30.2121
-5.59839 30.2121 -5.58278 27.0774
-5.58278 27.0774 -5.56771 24.0506
-5.56771 24.0506 -5.5579 22.0822
-5.5579 22.0822 -5.55295 21.0869
-5.55295 21.0869 -5.55095 20.6862
-5.55095 20.6862 -5.53774 18.0334
-5.53774 18.0334 -5.52252 14.9784
-5.52252 14.9784 -5.64335 14.9786
-5.64335 14.9786 -5.57181 12.1419
-5.57181 12.1419 -5.50839 12.1417
-5.50839 12.1417 -5.5054 11.5398
-5.5054 11.5398 -5.55662 11.5399
-5.55662 11.5399 -5.49279 9.00876
-5.49279 9.00876 -5.49243 8.9355
-5.49243 8.9355 -5.49224 8.89776
#end
#begin
#end
#begin
#end
#begin
-11.1373 3.93074 -9.67315 3.93282
-9.67315 3.93282 -8.36351 3.93468
-8.36351 3.93468 -5.92407 3.93815
-5.92407 3.93815 -5.93048 5.49115
-5.93048 5.49115 -8.35498 5.49905
-8.35498 5.49905 -9.67451 5.50334
-9.67451 5.50334 -11.1352 5.5081
-11.1352 5.5081 -11.4978 5.50928
-11.4978 5.50928 -13.5095 5.51583
-13.5095 5.51583 -13.514 3.92736
-13.514 3.92736 -11.4907 3.93024
-11.4907 3.93024 -11.1373 3.93074
#end
#begin
-14.2118 5.51812 -14.2062 8.90366
-14.2062 8.90366 -14.2056 9.26792
-14.2056 9.26792 -14.2018 11.5583
-14.2018 11.5583 -14.2008 12.1719
-14.2008 12.1719 -13.7097 12.1702
-13.7097 12.1702 -13.7331 14.991
-13.7331 14.991 -13.7584 18.0454
-13.7584 18.0454 -13.7807 20.7391
-13.7807 20.7391 -13.7836 21.0891
-13.7836 21.0891 -13.7918 22.0886
-13.7918 22.0886 -13.8079 24.0234
-13.8079 24.0234 -13.8334 27.1045
-13.8334 27.1045 -13.8591 30.2186
-13.8591 30.2186 -13.8823 33.0111
-13.8823 33.0111 -13.8862 33.4848
-13.8862 33.4848 -13.9067 35.9703
-13.9067 35.9703 -13.912 36.6108
-13.912 36.6108 -13.9338 39.2359
-13.9338 39.2359 -13.9371 39.6431
-13.9371 39.6431 -13.9461 40.7273
-13.9461 40.7273 -14.1536 40.7279
-14.1536 40.7279 -14.1508 42.4185
-14.1508 42.4185 -15.2367 42.4304
-15.2367 42.4304 -15.2415 40.7308
-15.2415 40.7308 -15.2445 39.6672
-15.2445 39.6672 -15.2457 39.2328
-15.2457 39.2328 -15.2532 36.619
-15.2532 36.619 -15.255 35.973
-15.255 35.973 -15.262 33.5138
-15.262 33.5138 -15.2634 33.0111
-15.2634 33.0111 -15.2713 30.2197
-15.2713 30.2197 -15.2801 27.1092
-15.2801 27.1092 -15.2889 24.0185
-15.2889 24.0185 -15.2943 22.0898
-15.2943 22.0898 -15.2972 21.0895
-15.2972 21.0895 -15.2981 20.7489
-15.2981 20.7489 -15.3058 18.0477
-15.3058 18.0477 -15.3144 14.9935
-15.3144 14.9935 -15.3224 12.1758
-15.3224 12.1758 -15.3242 11.5607
-15.3242 11.5607 -15.3306 9.31084
-15.3306 9.31084 -15.3317 8.90443
-15.3317 8.90443 -15.3413 5.5218
-15.3413 5.5218 -15.3458 3.92476
-15.3458 3.92476 -14.2144 3.92637
-14.2144 3.92637 -14.2118 5.51812
#end
#begin
-17.625 5.52923 -15.3413 5.5218
-15.3413 5.5218 -15.3317 8.90443
-15.3317 8.90443 -17.625 8.90598
-17.625 8.90598 -20.6176 8.90801
-20.6176 8.90801 -21.1091 8.90835
-21.1091 8.90835 -21.1128 5.54059
-21.1128 5.54059 -20.6204 5.53899
-20.6204 5.53899 -17.625 5.52923
#end
#begin
1.59111 8.66525 -1.83933 8.79613
-1.83933 8.79613 -4.0154 8.87915
-4.0154 8.87915 -4.01651 5.48492
-4.01651 5.48492 -1.85787 5.47789
-1.85787 5.47789 1.58615 5.46668
1.58615 5.46668 1.59111 8.66525
#end
#begin
-11.1309 8.90158 -9.67747 8.90059
-9.67747 8.90059 -9.67764 9.09517
-9.67764 9.09517 -9.67978 11.5487
-9.67978 11.5487 -11.1275 11.5517
-11.1275 11.5517 -11.5251 11.5526
-11.5251 11.5526 -13.4922 11.5568
-13.4922 11.5568 -13.4988 9.24096
-13.4988 9.24096 -13.4998 8.90319
-13.4998 8.90319 -11.5132 8.90184
-11.5132 8.90184 -11.1309 8.90158
#end
#begin
-8.33644 8.89968 -5.94453 8.89806
-5.94453 8.89806 -5.94476 8.95276
-5.94476 8.95276 -5.95543 11.5408
-5.95543 11.5408 -8.32201 11.5458
-8.32201 11.5458 -9.67978 11.5487
-9.67978 11.5487 -9.67764 9.09517
-9.67764 9.09517 -9.67747 8.90059
-9.67747 8.90059 -8.33644 8.89968
#end
#begin
-1.83877 8.89528 1.59147 8.89295
1.59147 8.89295 1.59555 11.5247
1.59555 11.5247 -1.82404 11.532
-1.82404 11.532 -4.01454 11.5366
-4.01454 11.5366 -4.0154 8.89675
-4.0154 8.89675 -1.83877 8.89528
#end
#begin
-17.625 8.90598 -15.3317 8.90443
-15.3317 8.90443 -15.3306 9.31084
-15.3306 9.31084 -15.3242 11.5607
-15.3242 11.5607 -17.625 11.5655
-17.625 11.5655 -17.625 12.1838
-17.625 12.1838 -20.6147 12.1942
-20.6147 12.1942 -20.6153 11.5719
-20.6153 11.5719 -21.1062 11.5729
-21.1062 11.5729 -21.1084 9.53128
-21.1084 9.53128 -21.1091 8.90835
-21.1091 8.90835 -20.6176 8.90801
-20.6176 8.90801 -17.625 8.90598
#end
#begin
-17.625 12.1838 -15.3224 12.1758
-15.3224 12.1758 -15.3144 14.9935
-15.3144 14.9935 -17.625 14.997
-17.625 14.997 -20.6123 15.0016
-20.6123 15.0016 -21.1024 15.0024
-21.1024 15.0024 -21.1055 12.1959
-21.1055 12.1959 -20.6147 12.1942
-20.6147 12.1942 -17.625 12.1838
#end
#begin
-1.8207 12.1289 1.59647 12.1171
1.59647 12.1171 1.60089 14.9674
1.60089 14.9674 -1.80481 14.9727
-1.80481 14.9727 -4.01342 14.9761
-4.01342 14.9761 -4.01434 12.1365
-4.01434 12.1365 -1.8207 12.1289
#end
#begin
-8.31871 12.1515 -5.95791 12.1433
-5.95791 12.1433 -5.96961 14.9791
-5.96961 14.9791 -8.30327 14.9827
-8.30327 14.9827 -9.68277 14.9848
-9.68277 14.9848 -9.68031 12.1562
-9.68031 12.1562 -8.31871 12.1515
#end
#begin
-11.1268 12.1612 -9.68031 12.1562
-9.68031 12.1562 -9.68277 14.9848
-9.68277 14.9848 -11.1231 14.987
-11.1231 14.987 -11.5407 14.9877
-11.5407 14.9877 -13.4824 14.9907
-13.4824 14.9907 -13.4905 12.1694
-13.4905 12.1694 -11.5279 12.1626
-11.5279 12.1626 -11.1268 12.1612
#end
#begin
-17.625 14.997 -15.3144 14.9935
-15.3144 14.9935 -15.3058 18.0477
-15.3058 18.0477 -17.625 18.0511
-17.625 18.0511 -20.6097 18.0555
-20.6097 18.0555 -21.0991 18.0562
-21.0991 18.0562 -21.1024 15.0024
-21.1024 15.0024 -20.6123 15.0016
-20.6123 15.0016 -17.625 14.997
#end
#begin
-1.80481 14.9727 1.60089 14.9674
1.60089 14.9674 1.60564 18.0229
1.60564 18.0229 -1.78774 18.0279
-1.78774 18.0279 -4.01242 18.0311
-4.01242 18.0311 -4.01342 14.9761
-4.01342 14.9761 -1.80481 14.9727
#end
#begin
-11.1231 14.987 -9.68277 14.9848
-9.68277 14.9848 -9.68543 18.0395
-9.68543 18.0395 -11.1192 18.0416
-11.1192 18.0416 -11.5545 18.0422
-11.5545 18.0422 -13.4737 18.045
-13.4737 18.045 -13.4824 14.9907
-13.4824 14.9907 -11.5407 14.9877
-11.5407 14.9877 -11.1231 14.987
#end
#begin
-8.28662 18.0374 -9.68543 18.0395
-9.68543 18.0395 -9.68277 14.9848
-9.68277 14.9848 -8.30327 14.9827
-8.30327 14.9827 -5.96961 14.9791
-5.96961 14.9791 -5.98221 18.034
-5.98221 18.034 -8.28662 18.0374
#end
#begin
-15.2981 20.7489 -17.625 20.7639
-17.625 20.7639 -20.6074 20.7831
-20.6074 20.7831 -20.6071 21.0909
-20.6071 21.0909 -21.0957 21.0911
-21.0957 21.0911 -21.0961 20.7862
-21.0961 20.7862 -21.0991 18.0562
-21.0991 18.0562 -20.6097 18.0555
-20.6097 18.0555 -17.625 18.0511
-17.625 18.0511 -15.3058 18.0477
-15.3058 18.0477 -15.2981 20.7489
#end
#begin
-11.1192 18.0416 -9.68543 18.0395
-9.68543 18.0395 -8.28662 18.0374
-8.28662 18.0374 -5.98221 18.034
-5.98221 18.034 -5.99316 20.689
-5.99316 20.689 -5.9948 21.087
-5.9948 21.087 -8.26999 21.0876
-8.26999 21.0876 -9.68808 21.088
-9.68808 21.088 -11.1154 21.0884
-11.1154 21.0884 -11.5682 21.0885
-11.5682 21.0885 -13.4651 21.089
-13.4651 21.089 -13.4661 20.7371
-13.4661 20.7371 -13.4737 18.045
-13.4737 18.045 -11.5545 18.0422
-11.5545 18.0422 -11.1192 18.0416
#end
#begin
-1.78774 18.0279 1.60564 18.0229
1.60564 18.0229 1.6097 20.6401
1.6097 20.6401 1.61039 21.085
1.61039 21.085 -1.77065 21.0859
-1.77065 21.0859 -1.77302 20.6619
-1.77302 20.6619 -4.01156 20.6763
-4.01156 20.6763 -4.01242 18.0311
-4.01242 18.0311 -1.78774 18.0279
#end
#begin
-1.77065 21.0859 1.61039 21.085
1.61039 21.085 1.61193 22.0766
1.61193 22.0766 1.61503 24.0743
1.61503 24.0743 -1.75401 24.0632
-1.75401 24.0632 -4.01046 24.0558
-4.01046 24.0558 -4.01111 22.081
-4.01111 22.081 -4.01143 21.0865
-4.01143 21.0865 -1.77065 21.0859
#end
#begin
-17.625 21.0901 -15.2972 21.0895
-15.2972 21.0895 -15.2943 22.0898
-15.2943 22.0898 -15.2889 24.0185
-15.2889 24.0185 -17.625 24.0108
-17.625 24.0108 -20.6046 24.001
-20.6046 24.001 -21.0925 23.9994
-21.0925 23.9994 -21.0946 22.0943
-21.0946 22.0943 -21.0957 21.0911
-21.0957 21.0911 -20.6071 21.0909
-20.6071 21.0909 -17.625 21.0901
#end
#begin
-9.69603 30.2153 -11.1037 30.2164
-11.1037 30.2164 -11.6095 30.2168
-11.6095 30.2168 -13.439 30.2183
-13.439 30.2183 -13.4479 27.1032
-13.4479 27.1032 -13.4567 24.0246
-13.4567 24.0246 -13.4622 22.0884
-13.4622 22.0884 -11.5728 22.0869
-11.5728 22.0869 -11.1141 22.0865
-11.1141 22.0865 -9.68895 22.0854
-9.68895 22.0854 -8.26455 22.0843
-8.26455 22.0843 -5.99891 22.0826
-5.99891 22.0826 -6.00702 24.0492
-6.00702 24.0492 -6.01952 27.0789
-6.01952 27.0789 -6.03244 30.2125
-6.03244 30.2125 -8.22023 30.2142
-8.22023 30.2142 -9.69603 30.2153
#end
#begin
-1.75401 24.0632 1.61503 24.0743
1.61503 24.0743 1.61966 27.0538
1.61966 27.0538 -1.73724 27.0648
-1.73724 27.0648 -4.00948 27.0723
-4.00948 27.0723 -4.01046 24.0558
-4.01046 24.0558 -1.75401 24.0632
#end
#begin
-17.625 24.0108 -15.2889 24.0185
-15.2889 24.0185 -15.2801 27.1092
-15.2801 27.1092 -17.625 27.1169
-17.625 27.1169 -20.602 27.1266
-20.602 27.1266 -21.0891 27.1282
-21.0891 27.1282 -21.0925 23.9994
-21.0925 23.9994 -20.6046 24.001
-20.6046 24.001 -17.625 24.0108
#end
#begin
-1.73724 27.0648 1.61966 27.0538
1.61966 27.0538 1.62455 30.2064
1.62455 30.2064 -1.71967 30.2091
-1.71967 30.2091 -4.00846 30.2109
-4.00846 30.2109 -4.00948 27.0723
-4.00948 27.0723 -1.73724 27.0648
#end
#begin
-17.625 27.1169 -15.2801 27.1092
-15.2801 27.1092 -15.2713 30.2197
-15.2713 30.2197 -17.625 30.2216
-17.625 30.2216 -20.5993 30.2239
-20.5993 30.2239 -21.0857 30.2243
-21.0857 30.2243 -21.0891 27.1282
-21.0891 27.1282 -20.602 27.1266
-20.602 27.1266 -17.625 27.1169
#end
#begin
-11.1037 30.2164 -9.69603 30.2153
-9.69603 30.2153 -9.69847 33.0111
-9.69847 33.0111 -11.1001 33.0111
-11.1001 33.0111 -11.6221 33.0111
-11.6221 33.0111 -13.4311 33.0111
-13.4311 33.0111 -13.439 30.2183
-13.439 30.2183 -11.6095 30.2168
-11.6095 30.2168 -11.1037 30.2164
#end
#begin
-8.20498 33.0111 -9.69847 33.0111
-9.69847 33.0111 -9.69603 30.2153
-9.69603 30.2153 -8.22023 30.2142
-8.22023 30.2142 -6.03244 30.2125
-6.03244 30.2125 -6.0334 30.4448
-6.0334 30.4448 -6.09812 33.0111
-6.09812 33.0111 -8.20498 33.0111
#end
#begin
-1.71967 30.2091 1.62455 30.2064
1.62455 30.2064 1.6289 33.0111
1.6289 33.0111 -1.70401 33.0111
-1.70401 33.0111 -4.00755 33.0111
-4.00755 33.0111 -4.00846 30.2109
-4.00846 30.2109 -1.71967 30.2091
#end
#begin
-17.625 30.2216 -15.2713 30.2197
-15.2713 30.2197 -15.2634 33.0111
-15.2634 33.0111 -17.625 33.0111
-17.625 33.0111 -20.5969 33.0111
-20.5969 33.0111 -21.0827 33.0111
-21.0827 33.0111 -21.0857 30.2243
-21.0857 30.2243 -20.5993 30.2239
-20.5993 30.2239 -17.625 30.2216
#end
#begin
-9.6988 33.3967 -9.69847 33.0111
-9.69847 33.0111 -8.20498 33.0111
-8.20498 33.0111 -8.20305 33.3652
-8.20305 33.3652 -6.10594 33.321
-6.10594 33.321 -6.17236 35.9549
-6.17236 35.9549 -8.1889 35.9589
-8.1889 35.9589 -9.70104 35.9619
-9.70104 35.9619 -9.6988 33.3967
#end
#begin
-11.0996 33.4262 -9.6988 33.3967
-9.6988 33.3967 -9.70104 35.9619
-9.70104 35.9619 -11.0964 35.9647
-11.0964 35.9647 -11.6355 35.9658
-11.6355 35.9658 -13.4226 35.9693
-13.4226 35.9693 -13.4297 33.4752
-13.4297 33.4752 -13.4311 33.0111
-13.4311 33.0111 -11.6221 33.0111
-11.6221 33.0111 -11.1001 33.0111
-11.1001 33.0111 -11.0996 33.4262
#end
#begin
-1.70279 33.2283 1.62913 33.1582
1.62913 33.1582 1.63345 35.9393
1.63345 35.9393 -1.68761 35.9459
-1.68761 35.9459 -4.00659 35.9505
-4.00659 35.9505 -4.00746 33.2769
-4.00746 33.2769 -1.70279 33.2283
#end
#begin
-17.625 33.0111 -17.625 33.5635
-17.625 33.5635 -15.262 33.5138
-15.262 33.5138 -15.255 35.973
-15.255 35.973 -17.625 35.9777
-17.625 35.9777 -20.5944 35.9836
-20.5944 35.9836 -21.0794 35.9846
-21.0794 35.9846 -21.082 33.6363
-21.082 33.6363 -20.5964 33.6261
-20.5964 33.6261 -20.5969 33.0111
-20.5969 33.0111 -17.625 33.0111
#end
#begin
-17.625 36.6336 -15.2532 36.619
-15.2532 36.619 -15.2457 39.2328
-15.2457 39.2328 -15.2445 39.6672
-15.2445 39.6672 -15.2415 40.7308
-15.2415 40.7308 -17.625 40.7371
-17.625 40.7371 -20.5903 40.745
-20.5903 40.745 -20.5911 39.7659
-20.5911 39.7659 -20.5916 39.2202
-20.5916 39.2202 -20.5938 36.6518
-20.5938 36.6518 -17.625 36.6336
#end
#begin
-1.68431 36.5359 1.63434 36.5155
1.63434 36.5155 1.63862 39.2725
1.63862 39.2725 -1.66906 39.2647
-1.66906 39.2647 -4.00551 39.2592
-4.00551 39.2592 -4.0064 36.5501
-4.0064 36.5501 -1.68431 36.5359
#end
#begin
-8.17096 39.2494 -9.7039 39.2458
-9.7039 39.2458 -9.70158 36.585
-9.70158 36.585 -8.18554 36.5757
-8.18554 36.5757 -6.18771 36.5635
-6.18771 36.5635 -6.25556 39.2539
-6.25556 39.2539 -8.17096 39.2494
#end
#begin
-9.7039 39.2458 -11.0922 39.2426
-11.0922 39.2426 -11.6503 39.2412
-11.6503 39.2412 -13.4133 39.2371
-13.4133 39.2371 -13.4208 36.6078
-13.4208 36.6078 -11.6383 36.5969
-11.6383 36.5969 -11.0956 36.5936
-11.0956 36.5936 -9.70158 36.585
-9.70158 36.585 -9.7039 39.2458
#end
#begin
-6.07074 39.498 -6.06974 39.2544
-6.06974 39.2544 -5.64343 39.2554
-5.64343 39.2554 -5.6446 39.4902
-5.6446 39.4902 -5.65066 40.7053
-5.65066 40.7053 -5.65872 42.325
-5.65872 42.325 -6.08242 42.3297
-6.08242 42.3297 -6.07572 40.7064
-6.07572 40.7064 -6.07074 39.498
#end
#begin
-1.66821 39.4168 1.63875 39.3558
1.63875 39.3558 1.64082 40.6859
1.64082 40.6859 1.64324 42.2447
1.64324 42.2447 -1.65221 42.2809
-1.65221 42.2809 -4.00452 42.3068
-4.00452 42.3068 -4.00504 40.7009
-4.00504 40.7009 -4.00545 39.4599
-4.00545 39.4599 -1.66821 39.4168
#end
#begin
#end
#begin
#end
#begin
#end
#begin
#end
#begin
#end
#begin
#end
#begin
#end
#begin
#end
#begin
#end
#begin
#end
#begin
#end
#begin
#end
#begin
#end
#begin
#end
#begin
#end
#begin
#end
#begin
#end
#begin
#end
#begin
#end
#begin
#end
#begin
#end
#begin
#end
#begin
#end
#begin
#end
#begin
#end
#begin
#end
#begin
#end
#begin
#end
#begin
#end
#begin
#end
#begin
#end
#begin
#end
#begin
#end
#begin
#end
#begin
#end
#begin
#end
#begin
#end
#begin
#end
#begin
#end
#begin
#end
#begin
#end
#begin
#end
#begin
#end
#begin
#end
#begin
#end
#begin
#end
#begin
#end
#begin
#end
#begin
#end
#begin
#end
#begin
#end
#begin
#end
#begin
#end
#begin
#end
#begin
#end
#begin
#end
#begin
#end
#begin
#end
#begin
#end
#begin
#end
#begin
#end
#begin
#end
#begin
#end
#begin
#end
#begin
#end
#begin
#end
#begin
#end
#begin
#end
#begin
#end
#begin
#end
#begin
#end
#begin
#end
#begin
#end
#begin
#end
#begin
#end
#begin
#end
#begin
#end
#begin
#end
#begin
#end
#begin
#end
#begin
#end
#begin
#end
#begin
#end
#begin
#end
#begin
#end
#begin
#end
#begin
#end
#begin
#end
#begin
#end
#begin
#end
#begin
#end
#begin
#end
#begin
#end
#begin
#end
#begin
#end
#begin
#end
#begin
#end
#begin
#end
#begin
#end
#begin
#end
#begin
#end
#begin
#end
#begin
#end
#begin
#end
#begin
#end
#begin
#end
#begin
#end
#begin
#end
#begin
#end
#begin
#end
#begin
#end
#begin
#end
#begin
#end
#begin
#end
#begin
#end
#begin
#end
#begin
#end
#begin
#end
#begin
#end
#begin
#end
#begin
#end
#begin
#end
#begin
#end
#begin
#end
#begin
#end
#begin
#end
#begin
#end
#begin
#end
#begin
#end
#begin
#end
#begin
#end
#begin
#end
#begin
#end
#begin
#end
#begin
#end
#begin
#end
#begin
#end
#begin
#end
#begin
#end
#begin
#end
#begin
#end
#begin
#end
#begin
#end
#begin
#end
#begin
#end
#begin
#end
#begin
#end
#begin
#end
#begin
#end
#begin
#end
#begin
#end
#begin
#end
#begin
#end
#begin
#end
#begin
#end
#begin
#end
#begin
#end
#begin
#end
#begin
#end
#begin
#end
#begin
#end
#begin
#end
#begin
#end
#begin
#end
#begin
#end
#begin
#end
#begin
#end
#begin
#end
#begin
#end
#begin
#end
#begin
#end
#begin
#end
#begin
#end
#begin
#end
#begin
#end
#begin
#end
#begin
#end
#begin
#end
#begin
#end
#begin
#end
#begin
#end
#begin
#end
#begin
#end
#begin
#end
#begin
#end
#begin
#end
#begin
#end
#begin
#end
#begin
#end
#begin
#end
#begin
#end
#begin
#end
#begin
#end
#begin
#end
#begin
#end
#begin
#end
#begin
#end
#begin
#end
#begin
#end
#begin
#end
#begin
-6.04526 33.3198 -6.10594 33.321
-6.10594 33.321 -6.09812 33.0111
-6.09812 33.0111 -6.04398 33.0111
-6.04398 33.0111 -6.04526 33.3198
#end
