-18.0252 -17.3214 -19.5217 -17.3219 -21.6033 -17.3225 -21.6031 -18.1202 -21.6017 -22.3451 -21.6016 -22.8916 -19.52 -22.891 -18.0235 -22.8905 -15.5802 -22.8897 -15.097 -22.8896 -15.0971 -22.3431 -15.0985 -18.1182 -15.5817 -18.1183 -15.5819 -17.3207 -18.0252 -17.3214
-12.5834 -18.1174 -15.0985 -18.1182 -15.0971 -22.3431 -15.097 -22.8896 -12.5819 -22.8888 -12.0047 -22.8886 -12.0048 -22.3421 -12.0062 -18.1172 -12.5834 -18.1174
-8.92075 -22.3412 -8.92207 -18.1163 -12.0062 -18.1172 -12.0048 -22.3421 -12.0047 -22.8886 -8.92058 -22.8877 -8.92075 -22.3412
-6.37113 -17.3178 -8.36102 -17.3184 -8.36077 -18.1161 -8.35945 -22.341 -6.36956 -22.3404 -5.69084 -22.3402 -5.28031 -22.34 -5.28014 -22.8865 -4.45247 -22.8863 -2.68228 -22.8857 -2.68245 -22.3392 -2.68377 -18.1143 -2.68402 -17.3167 -4.45421 -17.3172 -5.28188 -17.3175 -5.69241 -17.3176 -6.37113 -17.3178
0.787534 -17.3156 -0.230225 -17.3159 -2.68402 -17.3167 -2.68377 -18.1143 -2.68245 -22.3392 -2.68228 -22.8857 -2.68226 -22.9664 -2.49051 -22.8857 -0.228489 -22.8849 0.78927 -22.8846 1.40887 -22.8844 2.46559 -22.8841 2.84141 -22.884 3.75302 -22.8837 3.75285 -22.3372 3.7522 -20.2567 3.75153 -18.1123 2.83992 -18.1126 2.83967 -17.315 2.46385 -17.3151 1.40713 -17.3154 0.787534 -17.3156
10.3636 -18.1102 9.7295 -18.1104 9.73082 -22.3353 9.73099 -22.8818 10.3651 -22.8816 10.8254 -22.8815 13.6731 -22.8806 16.0574 -22.8799 16.0573 -22.3334 16.0559 -18.1085 16.0557 -17.3108 13.6714 -17.3116 10.8237 -17.3125 10.7437 -17.3125 10.3634 -17.4726 10.3636 -18.1102
6.56643 -19.0716 6.56613 -18.1114 3.75153 -18.1123 3.7522 -20.2567 3.75285 -22.3372 3.75302 -22.8837 6.56762 -22.8828 6.56745 -22.3363 6.56643 -19.0716
19.3539 -18.1074 17.2935 -18.1081 16.4793 -18.1083 16.4807 -22.3332 16.4808 -22.8797 17.295 -22.8795 19.3554 -22.8788 20.028 -22.8786 20.0279 -22.3321 20.0265 -18.1072 19.3539 -18.1074
21.0812 -18.1069 20.0265 -18.1072 20.0279 -22.3321 20.028 -22.8786 21.0827 -22.8783 22.8506 -22.8777 22.8505 -22.3312 22.8491 -18.1063 21.0812 -18.1069
6.90162 -22.3362 9.73082 -22.3353 9.7295 -18.1104 8.84822 -18.1107 6.9003 -18.1113 6.90056 -18.9309 6.56643 -19.0716 6.56745 -22.3363 6.90162 -22.3362
-18.0355 15.9479 -19.5321 15.9474 -21.6136 15.9468 -21.613 13.9184 -21.6129 13.4349 -21.6113 8.57394 -21.6111 7.84661 -21.611 7.30103 -21.6106 6.008 -21.6103 5.32719 -21.6098 3.60923 -21.6095 2.68074 -21.6092 1.71928 -21.6091 1.23759 -23.0088 1.23716 -25.8256 1.23628 -27.6502 1.23571 -30.2443 1.2349 -32.1225 1.23432 -32.1218 -0.907432 -32.1216 -1.57571 -32.1207 -4.58712 -32.1197 -7.61317 -32.1196 -8.12452 -32.1189 -10.2875 -30.2407 -10.2869 -27.6466 -10.2861 -25.822 -10.2855 -23.0052 -10.2847 -21.6055 -10.2842 -21.6053 -11.0091 -21.6051 -11.6841 -21.6049 -12.329 -21.6046 -13.0766 -21.604 -15.1503 -21.6033 -17.3225 -19.5217 -17.3219 -18.0252 -17.3214 -15.5819 -17.3207 -15.0987 -17.3205 -12.5836 -17.3197 -12.0064 -17.3196 -8.92232 -17.3186 -8.36102 -17.3184 -6.37113 -17.3178 -5.69241 -17.3176 -5.28188 -17.3175 -4.45421 -17.3172 -2.68402 -17.3167 -0.230225 -17.3159 -0.230903 -15.1436 -2.68469 -15.1444 -4.45488 -15.145 -5.28255 -15.1452 -5.69309 -15.1454 -6.3718 -15.1456 -8.3617 -15.1462 -8.92299 -15.1464 -12.0071 -15.1473 -12.5843 -15.1475 -15.0994 -15.1483 -15.5826 -15.1484 -18.0259 -15.1492 -19.5224 -15.1497 -19.523 -13.076 -19.5233 -12.3284 -19.5235 -11.6835 -19.5237 -11.0085 -19.5239 -10.2836 -19.5246 -8.1206 -19.5248 -7.60925 -21.6063 -7.60989 -21.6062 -8.12125 -23.0059 -8.12168 -25.8227 -8.12256 -27.6473 -8.12313 -30.2414 -8.12394 -30.2415 -7.61259 -30.2425 -4.58654 -30.2434 -1.57513 -30.2436 -0.906846 -27.6495 -0.906037 -25.8249 -0.905469 -23.0081 -0.90459 -21.6084 -0.904154 -19.5269 -0.903505 -18.0303 -0.903038 -15.587 -0.902276 -15.1038 -0.902126 -12.5887 -0.901341 -12.0116 -0.901161 -12.0113 -1.56944 -8.92723 -1.56848 -8.92743 -0.9002 -8.9281 1.24155 -12.0122 1.24059 -12.5894 1.24041 -15.1045 1.23962 -15.5877 1.23947 -18.031 1.23871 -19.5275 1.23824 -19.5277 1.71993 -19.528 2.68139 -19.5283 3.60988 -19.5288 5.32784 -19.529 6.00865 -19.5294 7.30168 -19.5296 7.84726 -19.5298 8.57459 -19.5313 13.4355 -19.5315 13.919 -18.0349 13.9195 -15.5916 13.9203 -15.1084 13.9204 -12.5933 13.9212 -12.0162 13.9214 -8.93206 13.9223 -8.37076 13.9225 -8.3714 15.9509 -8.93269 15.9507 -12.0168 15.9498 -12.5939 15.9496 -15.109 15.9488 -15.5922 15.9487 -18.0355 15.9479
19.3434 15.9596 17.283 15.9589 16.4688 15.9587 16.0453 15.9585 13.661 15.9578 10.8134 15.9569 10.3531 15.9568 9.71887 15.9566 6.88967 15.9557 6.8903 13.9273 9.7195 13.9282 10.3537 13.9284 10.814 13.9285 13.6616 13.9294 16.0459 13.9301 16.4694 13.9303 17.2836 13.9305 17.2837 13.447 17.2852 8.58608 17.2855 7.85874 17.2856 7.31316 17.286 6.02013 17.2863 5.33932 17.2868 3.62136 17.2871 2.69287 17.2874 1.73141 17.2875 1.24973 16.4733 1.24947 16.0499 1.24934 13.6656 1.2486 13.6662 -0.893155 13.6665 -1.56143 16.0508 -1.56069 16.4742 -1.56056 17.2884 -1.5603 19.3488 -1.55966 20.0214 -1.55945 20.0223 -4.57086 20.0233 -7.59691 20.0234 -8.10827 20.0241 -10.2712 20.0243 -10.9961 20.0245 -11.6711 20.0247 -12.316 20.025 -13.0636 20.0251 -13.4039 20.0256 -15.1373 19.353 -15.1375 17.2926 -15.1382 16.4784 -15.1384 16.055 -15.1386 15.9059 -15.1386 13.6707 -15.1393 10.823 -15.1402 10.3627 -15.1403 9.72857 -15.1405 6.89937 -15.1414 6.56521 -15.1415 3.75061 -15.1424 2.839 -15.1427 2.46318 -15.1428 1.40646 -15.1431 0.786856 -15.1433 -0.230903 -15.1436 -0.230225 -17.3159 0.787534 -17.3156 1.40713 -17.3154 2.46385 -17.3151 2.83967 -17.315 3.75128 -17.3147 6.56588 -17.3138 6.90005 -17.3137 9.72925 -17.3128 10.3634 -17.3126 10.7437 -17.3125 10.8237 -17.2788 10.8237 -17.3125 13.6714 -17.3116 16.0557 -17.3108 16.4791 -17.3107 17.2933 -17.3105 19.3537 -17.3098 20.0263 -17.3096 21.081 -17.3093 22.8489 -17.3087 22.8482 -15.1364 22.8476 -13.0627 22.8473 -12.3151 22.6104 -12.3152 22.8473 -12.2155 22.8471 -11.6702 22.8469 -10.9953 22.8467 -10.2704 22.846 -8.10739 22.8458 -7.59603 22.8449 -4.56998 22.844 -1.55857 22.8437 -0.890294 22.8431 1.25146 22.8429 1.73314 21.0751 1.73259 20.0204 1.73226 19.3478 1.73205 19.3475 2.69351 19.3472 3.622 19.3467 5.33996 19.3464 6.02077 19.346 7.3138 19.3459 7.85938 19.3456 8.58672 19.3441 13.4477 19.344 13.9312 20.0166 13.9314 21.0713 13.9317 21.0707 15.9601 20.016 15.9598 19.3434 15.9596
0.784505 -7.60291 -0.233254 -7.60323 -0.233094 -8.11458 -0.23242 -10.2775 -0.232194 -11.0024 -0.231983 -11.6774 -0.231782 -12.3223 -0.231549 -13.0699 -0.230903 -15.1436 0.786856 -15.1433 1.40646 -15.1431 1.40581 -13.0694 1.40558 -12.3218 2.4623 -12.3215 2.83812 -12.3214 3.74973 -12.3211 6.56433 -12.3202 6.89849 -12.3201 9.72769 -12.3192 9.72749 -11.6743 9.72728 -10.9993 9.72706 -10.2744 9.72638 -8.11148 9.72622 -7.60012 6.89702 -7.601 6.56285 -7.60111 3.74825 -7.60199 2.83664 -7.60227 2.46082 -7.60239 1.40411 -7.60272 0.784505 -7.60291
2.4623 -12.3215 1.40558 -12.3218 1.40581 -13.0694 1.40646 -15.1431 2.46318 -15.1428 2.839 -15.1427 3.75061 -15.1424 6.56521 -15.1415 6.89937 -15.1414 6.89873 -13.0677 6.89849 -12.3201 6.56433 -12.3202 3.74973 -12.3211 2.83812 -12.3214 2.4623 -12.3215
23.6297 -11.886 22.8473 -12.2155 22.8473 -12.3151 22.8476 -13.0627 22.8482 -15.1364 23.6307 -15.1362 27.4028 -15.135 27.817 -13.0612 27.9664 -12.3136 28.0952 -11.6686 28.2301 -10.9936 28.3749 -10.2686 28.458 -9.8527 27.4697 -10.2689 25.747 -10.9943 24.1429 -11.6698 23.6297 -11.886
-5.69397 -12.3241 -6.37268 -12.3243 -6.37245 -13.0719 -6.3718 -15.1456 -5.69309 -15.1454 -5.28255 -15.1452 -4.45488 -15.145 -2.68469 -15.1444 -0.230903 -15.1436 -0.231549 -13.0699 -0.231782 -12.3223 -0.231983 -11.6774 -2.68577 -11.6782 -4.45596 -11.6788 -4.45576 -12.3237 -5.28343 -12.3239 -5.69397 -12.3241
-6.3815 15.9515 -8.3714 15.9509 -8.37076 13.9225 -8.37061 13.439 -8.3691 8.57807 -8.36887 7.85074 -8.3687 7.30516 -8.3683 6.01213 -8.36808 5.33132 -8.36755 3.61336 -8.36726 2.68487 -8.36696 1.72341 -8.36681 1.24172 -8.9281 1.24155 -8.92743 -0.9002 -8.92723 -1.56848 -8.92629 -4.57989 -8.92534 -7.60594 -8.36405 -7.60576 -8.36389 -8.11712 -8.36321 -10.2801 -8.36299 -11.005 -8.36278 -11.68 -8.36258 -12.3249 -8.36234 -13.0725 -8.3617 -15.1462 -6.3718 -15.1456 -6.37245 -13.0719 -6.37268 -12.3243 -5.69397 -12.3241 -5.69417 -11.6792 -5.69438 -11.0042 -5.6946 -10.2793 -6.37332 -10.2795 -6.37399 -8.1165 -6.37415 -7.60514 -5.69544 -7.60493 -5.69638 -4.57888 -5.69732 -1.56747 -5.28679 -1.56734 -4.45912 -1.56709 -2.68893 -1.56653 -0.235136 -1.56577 0.782622 -1.56545 1.40222 -1.56526 2.45894 -1.56493 2.45873 -0.89665 1.40201 -0.896979 1.40135 1.24477 0.781746 1.24458 0.781596 1.72626 0.781296 2.68772 0.781007 3.61621 0.780471 5.33417 0.780259 6.01498 0.779856 7.30801 0.779685 7.85359 -0.238073 7.85327 -2.69186 7.85251 -4.46205 7.85196 -5.28972 7.8517 -5.70026 7.85157 -6.37897 7.85136 -6.3792 8.57869 -6.38071 13.4396 -6.38087 13.9231 -5.70215 13.9233 -5.29162 13.9235 -4.46395 13.9237 -2.69376 13.9243 -0.239967 13.925 0.777792 13.9254 1.39739 13.9256 2.45411 13.9259 2.82993 13.926 3.74154 13.9263 6.55614 13.9272 6.8903 13.9273 6.88967 15.9557 6.55551 15.9556 3.74091 15.9547 2.8293 15.9544 2.45348 15.9543 1.39676 15.954 0.77716 15.9538 -0.240599 15.9534 -2.69439 15.9527 -4.46458 15.9521 -5.29225 15.9519 -5.70279 15.9517 -6.3815 15.9515
19.3507 -7.59712 17.2903 -7.59776 16.4761 -7.59802 16.0526 -7.59815 13.6683 -7.59889 10.8207 -7.59978 10.3604 -7.59992 10.3605 -8.11128 10.3612 -10.2742 10.3614 -10.9991 10.3616 -11.6741 10.3618 -12.319 10.8221 -12.3189 13.6698 -12.318 13.6701 -13.0656 16.0544 -13.0649 16.4778 -13.0647 16.4775 -12.3171 17.2917 -12.3169 19.3521 -12.3162 20.0247 -12.316 20.0245 -11.6711 20.0243 -10.9961 20.0241 -10.2712 20.0234 -8.10827 20.0233 -7.59691 19.3507 -7.59712
-18.0282 -7.60878 -18.0281 -8.12013 -18.0274 -10.2831 -18.0272 -11.008 -18.027 -11.683 -18.0268 -12.3279 -15.5835 -12.3271 -15.1003 -12.327 -15.1 -13.0746 -12.5849 -13.0738 -12.5852 -12.3262 -12.008 -12.326 -8.92387 -12.3251 -8.36258 -12.3249 -8.36278 -11.68 -8.36299 -11.005 -8.36321 -10.2801 -8.36389 -8.11712 -8.92518 -8.11729 -8.92534 -7.60594 -12.0095 -7.6069 -12.5866 -7.60708 -15.1017 -7.60787 -15.1016 -8.11922 -15.5848 -8.11937 -15.5849 -7.60802 -18.0282 -7.60878
-21.6053 -11.0091 -21.6055 -10.2842 -23.0052 -10.2847 -25.822 -10.2855 -25.8218 -11.0104 -25.8216 -11.6854 -25.8214 -12.3303 -23.0046 -12.3295 -21.6049 -12.329 -21.6051 -11.6841 -21.6053 -11.0091
-30.2407 -10.2869 -32.1189 -10.2875 -32.1187 -11.0124 -32.1185 -11.6874 -30.2403 -11.6868 -27.6462 -11.686 -25.8216 -11.6854 -25.8218 -11.0104 -25.822 -10.2855 -27.6466 -10.2861 -30.2407 -10.2869
-37.713 -7.61492 -37.7129 -8.12627 -37.7122 -10.2892 -37.712 -11.0141 -32.1187 -11.0124 -32.1189 -10.2875 -32.1196 -8.12452 -32.1197 -7.61317 -37.713 -7.61492
-5.69544 -7.60493 -6.37415 -7.60514 -6.37399 -8.1165 -6.37332 -10.2795 -5.6946 -10.2793 -5.28407 -10.2791 -4.4564 -10.2789 -4.45617 -11.0038 -2.68598 -11.0032 -0.232194 -11.0024 -0.23242 -10.2775 -0.233094 -8.11458 -2.68689 -8.11535 -2.68704 -7.60399 -4.45723 -7.60455 -5.2849 -7.6048 -5.69544 -7.60493
-37.714 -4.58887 -37.713 -7.61492 -32.1197 -7.61317 -32.1207 -4.58712 -37.714 -4.58887
-12.5885 -1.56962 -12.5887 -0.901341 -15.1038 -0.902126 -15.1036 -1.57041 -15.5868 -1.57056 -15.5859 -4.58197 -15.5849 -7.60802 -15.1017 -7.60787 -12.5866 -7.60708 -12.5876 -4.58103 -12.5885 -1.56962
-18.0303 -0.903038 -19.5269 -0.903505 -21.6084 -0.904154 -21.6082 -1.57244 -23.0079 -1.57287 -23.007 -4.58428 -23.006 -7.61033 -21.6063 -7.60989 -19.5248 -7.60925 -18.0282 -7.60878 -15.5849 -7.60802 -15.5859 -4.58197 -15.5868 -1.57056 -15.587 -0.902276 -18.0303 -0.903038
-37.7149 -1.57746 -37.714 -4.58887 -32.1207 -4.58712 -32.1216 -1.57571 -37.7149 -1.57746
-37.7159 1.71426 -37.7158 1.23257 -37.7151 -0.909176 -37.7149 -1.57746 -32.1216 -1.57571 -32.1218 -0.907432 -32.1225 1.23432 -32.1226 1.716 -37.7159 1.71426
10.3576 1.24756 9.72346 1.24737 6.89426 1.24648 6.5601 1.24638 6.55995 1.72806 6.55965 2.68952 6.55936 3.61801 6.55882 5.33597 3.74422 5.3351 3.74476 3.61714 3.74505 2.68865 3.74535 1.72719 3.7455 1.2455 2.83389 1.24522 2.45807 1.2451 1.40135 1.24477 1.40201 -0.896979 2.45873 -0.89665 2.45894 -1.56493 2.83476 -1.56481 3.74637 -1.56453 6.56097 -1.56365 6.89514 -1.56355 9.72434 -1.56266 10.3585 -1.56247 10.8188 -1.56232 13.6665 -1.56143 13.6662 -0.893155 13.6656 1.2486 10.8179 1.24771 10.3576 1.24756
-27.6521 7.29915 -27.6517 6.00612 -27.6514 5.32531 -27.6509 3.60735 -27.6506 2.67886 -27.6503 1.7174 -27.6502 1.23571 -25.8256 1.23628 -25.8257 1.71797 -25.826 2.67943 -25.8263 3.60792 -25.8268 5.32588 -25.8271 6.00669 -23.0103 6.00757 -21.6106 6.008 -21.611 7.30103 -23.0107 7.3006 -25.8275 7.29972 -27.6521 7.29915
-21.6103 5.32719 -21.6106 6.008 -23.0103 6.00757 -25.8271 6.00669 -25.8268 5.32588 -25.8263 3.60792 -25.826 2.67943 -25.8257 1.71797 -25.8256 1.23628 -23.0088 1.23716 -21.6091 1.23759 -21.6092 1.71928 -21.6095 2.68074 -21.6098 3.60923 -21.6103 5.32719
-18.0329 7.30215 -19.5294 7.30168 -19.529 6.00865 -19.5288 5.32784 -19.5283 3.60988 -19.528 2.68139 -19.5277 1.71993 -19.5275 1.23824 -18.031 1.23871 -15.5877 1.23947 -15.1045 1.23962 -15.1046 1.72131 -15.1049 2.68277 -15.1052 3.61126 -15.1057 5.32922 -15.106 6.01003 -15.1064 7.30306 -15.5896 7.30291 -18.0329 7.30215
17.2856 7.31316 17.2855 7.85874 16.4713 7.85848 16.471 8.58582 16.0476 8.58569 13.6633 8.58495 10.8156 8.58406 10.8159 7.85672 10.3556 7.85658 9.7214 7.85638 9.72157 7.3108 9.72197 6.01777 9.72218 5.33696 9.72272 3.619 10.3569 3.6192 10.3572 2.69071 10.3575 1.72925 10.3576 1.24756 10.8179 1.24771 13.6656 1.2486 16.0499 1.24934 16.4733 1.24947 17.2875 1.24973 17.2874 1.73141 17.2871 2.69287 17.2868 3.62136 16.4726 3.6211 16.0491 3.62097 13.6648 3.62023 13.6643 5.33819 13.6641 6.019 16.0484 6.01974 16.4718 6.01987 17.286 6.02013 17.2856 7.31316
20.0185 7.85959 19.3459 7.85938 19.346 7.3138 19.3464 6.02077 19.3467 5.33996 19.3472 3.622 19.3475 2.69351 19.3478 1.73205 20.0204 1.73226 21.0751 1.73259 22.8429 1.73314 22.8426 2.6946 23.6251 2.69484 23.6248 3.62333 23.6243 5.34129 23.6241 6.0221 23.6237 7.31513 23.6235 7.86071 22.841 7.86047 21.0732 7.85992 20.0185 7.85959
6.89197 8.58283 6.8922 7.8555 6.89237 7.30992 6.89277 6.01689 6.89298 5.33608 9.72218 5.33696 9.72197 6.01777 9.72157 7.3108 9.7214 7.85638 9.72117 8.58372 6.89197 8.58283
20.0167 13.4479 19.3441 13.4477 19.3456 8.58672 19.3459 7.85938 20.0185 7.85959 21.0732 7.85992 22.841 7.86047 22.8408 8.58781 23.6233 8.58805 23.6218 13.449 22.8393 13.4487 22.8391 13.9322 21.0713 13.9317 20.0166 13.9314 20.0167 13.4479
-5.70215 13.9233 -6.38087 13.9231 -6.38071 13.4396 -6.3792 8.57869 -5.70049 8.57891 -5.28995 8.57903 -4.46228 8.57929 -2.69209 8.57984 -2.69361 13.4408 -2.69376 13.9243 -4.46395 13.9237 -5.29162 13.9235 -5.70215 13.9233
0.777792 13.9254 -0.239967 13.925 -2.69376 13.9243 -2.69361 13.4408 -2.69209 8.57984 -0.2383 8.58061 0.779459 8.58093 1.39906 8.58112 2.45578 8.58145 2.45426 13.4424 2.45411 13.9259 1.39739 13.9256 0.777792 13.9254
9.71966 13.4447 9.7195 13.9282 6.8903 13.9273 6.55614 13.9272 3.74154 13.9263 2.82993 13.926 2.45411 13.9259 2.45426 13.4424 2.45578 8.58145 2.8316 8.58157 3.74321 8.58185 6.55781 8.58273 6.89197 8.58283 9.72117 8.58372 9.71966 13.4447
-8.9319 13.4388 -8.93206 13.9223 -12.0162 13.9214 -12.016 13.4379 -12.0145 8.57694 -8.93039 8.5779 -8.9319 13.4388
21.069 21.3005 20.0143 21.3002 20.0145 20.6287 20.016 15.9598 21.0707 15.9601 21.0713 13.9317 22.8391 13.9322 22.8385 15.9606 22.837 20.6295 22.8368 21.301 21.069 21.3005
-5.29391 21.2923 -5.70445 21.2921 -5.70424 20.6206 -5.70279 15.9517 -5.29225 15.9519 -4.46458 15.9521 -2.69439 15.9527 -2.69584 20.6216 -2.69605 21.2931 -4.46624 21.2925 -5.29391 21.2923
-18.037 20.6168 -18.0372 21.2883 -19.5338 21.2878 -21.6153 21.2872 -21.6151 20.6157 -21.6136 15.9468 -19.5321 15.9474 -18.0355 15.9479 -18.037 20.6168
-18.0372 21.2883 -18.037 20.6168 -18.0355 15.9479 -15.5922 15.9487 -15.5937 20.6176 -15.5939 21.2891 -18.0372 21.2883
-15.1107 21.2892 -15.5939 21.2891 -15.5937 20.6176 -15.5922 15.9487 -15.109 15.9488 -12.5939 15.9496 -12.0168 15.9498 -12.0183 20.6187 -12.0185 21.2902 -12.5956 21.29 -15.1107 21.2892
-8.93414 20.6196 -8.93435 21.2911 -12.0185 21.2902 -12.0183 20.6187 -12.0168 15.9498 -8.93269 15.9507 -8.93414 20.6196
-6.38295 20.6204 -8.37285 20.6198 -8.93414 20.6196 -8.93269 15.9507 -8.3714 15.9509 -6.3815 15.9515 -5.70279 15.9517 -5.70424 20.6206 -6.38295 20.6204
0.775704 20.6227 0.775494 21.2942 -0.242264 21.2938 -2.69605 21.2931 -2.69584 20.6216 -2.69439 15.9527 -0.240599 15.9534 0.77716 15.9538 0.775704 20.6227
6.55385 21.296 3.73925 21.2951 3.73946 20.6236 3.74091 15.9547 6.55551 15.9556 6.88967 15.9557 6.88822 20.6246 6.88801 21.2961 6.55385 21.296
10.3531 15.9568 10.3516 20.6257 9.71742 20.6255 6.88822 20.6246 6.88967 15.9557 9.71887 15.9566 10.3531 15.9568
19.3417 21.3 17.2813 21.2993 16.4671 21.2991 16.4673 20.6276 16.4688 15.9587 17.283 15.9589 19.3434 15.9596 20.016 15.9598 20.0145 20.6287 20.0143 21.3002 19.3417 21.3
0.775494 21.2942 0.775704 20.6227 0.77716 15.9538 1.39676 15.954 2.45348 15.9543 2.8293 15.9544 3.74091 15.9547 3.73946 20.6236 3.73925 21.2951 2.82764 21.2948 2.45182 21.2947 1.3951 21.2944 0.775494 21.2942
10.8117 21.2973 10.3514 21.2972 10.3516 20.6257 10.3531 15.9568 10.8134 15.9569 13.661 15.9578 13.6595 20.6267 13.6593 21.2982 10.8117 21.2973
16.0436 21.2989 13.6593 21.2982 13.6595 20.6267 13.661 15.9578 16.0453 15.9585 16.4688 15.9587 16.4673 20.6276 16.4671 21.2991 16.0436 21.2989
