-18.0252 -17.3214 3.12493 -19.5217 -17.3219 3.12493 -21.6033 -17.3225 3.12493 -21.6031 -18.1202 3.12493 -21.6017 -22.3451 3.12493 -21.6016 -22.8916 3.12493 -19.52 -22.891 3.12493 -18.0235 -22.8905 3.12493 -15.5802 -22.8897 3.12493 -15.097 -22.8896 3.12493 -15.0971 -22.3431 3.12493 -15.0985 -18.1182 3.12493 -15.5817 -18.1183 3.12493 -15.5819 -17.3207 3.12493 -18.0252 -17.3214 3.12493 
-12.5834 -18.1174 3.11995 -15.0985 -18.1182 3.11995 -15.0971 -22.3431 3.11995 -15.097 -22.8896 3.11995 -12.5819 -22.8888 3.11995 -12.0047 -22.8886 3.11995 -12.0048 -22.3421 3.11995 -12.0062 -18.1172 3.11995 -12.5834 -18.1174 3.11995 
-8.92075 -22.3412 3.11878 -8.92207 -18.1163 3.11878 -12.0062 -18.1172 3.11878 -12.0048 -22.3421 3.11878 -12.0047 -22.8886 3.11878 -8.92058 -22.8877 3.11878 -8.92075 -22.3412 3.11878 
-6.37113 -17.3178 3.12268 -8.36102 -17.3184 3.12268 -8.36077 -18.1161 3.12268 -8.35945 -22.341 3.12268 -6.36956 -22.3404 3.12268 -5.69084 -22.3402 3.12268 -5.28031 -22.34 3.12268 -5.28014 -22.8865 3.12268 -4.45247 -22.8863 3.12268 -2.68228 -22.8857 3.12268 -2.68245 -22.3392 3.12268 -2.68377 -18.1143 3.12268 -2.68402 -17.3167 3.12268 -4.45421 -17.3172 3.12268 -5.28188 -17.3175 3.12268 -5.69241 -17.3176 3.12268 -6.37113 -17.3178 3.12268 
0.787534 -17.3156 3.10666 -0.230225 -17.3159 3.10666 -2.68402 -17.3167 3.10666 -2.68377 -18.1143 3.10666 -2.68245 -22.3392 3.10666 -2.68228 -22.8857 3.10666 -2.68226 -22.9664 3.10666 -2.49051 -22.8857 3.10666 -0.228489 -22.8849 3.10666 0.78927 -22.8846 3.10666 1.40887 -22.8844 3.10666 2.46559 -22.8841 3.10666 2.84141 -22.884 3.10666 3.75302 -22.8837 3.10666 3.75285 -22.3372 3.10666 3.7522 -20.2567 3.10666 3.75153 -18.1123 3.10666 2.83992 -18.1126 3.10666 2.83967 -17.315 3.10666 2.46385 -17.3151 3.10666 1.40713 -17.3154 3.10666 0.787534 -17.3156 3.10666 
10.3636 -18.1102 3.10774 9.7295 -18.1104 3.10774 9.73082 -22.3353 3.10774 9.73099 -22.8818 3.10774 10.3651 -22.8816 3.10774 10.8254 -22.8815 3.10774 13.6731 -22.8806 3.10774 16.0574 -22.8799 3.10774 16.0573 -22.3334 3.10774 16.0559 -18.1085 3.10774 16.0557 -17.3108 3.10774 13.6714 -17.3116 3.10774 10.8237 -17.3125 3.10774 10.7437 -17.3125 3.10774 10.3634 -17.4726 3.10774 10.3636 -18.1102 3.10774 
6.56643 -19.0716 3.10981 6.56613 -18.1114 3.10981 3.75153 -18.1123 3.10981 3.7522 -20.2567 3.10981 3.75285 -22.3372 3.10981 3.75302 -22.8837 3.10981 6.56762 -22.8828 3.10981 6.56745 -22.3363 3.10981 6.56643 -19.0716 3.10981 
19.3539 -18.1074 3.11932 17.2935 -18.1081 3.11932 16.4793 -18.1083 3.11932 16.4807 -22.3332 3.11932 16.4808 -22.8797 3.11932 17.295 -22.8795 3.11932 19.3554 -22.8788 3.11932 20.028 -22.8786 3.11932 20.0279 -22.3321 3.11932 20.0265 -18.1072 3.11932 19.3539 -18.1074 3.11932 
21.0812 -18.1069 3.12367 20.0265 -18.1072 3.12367 20.0279 -22.3321 3.12367 20.028 -22.8786 3.12367 21.0827 -22.8783 3.12367 22.8506 -22.8777 3.12367 22.8505 -22.3312 3.12367 22.8491 -18.1063 3.12367 21.0812 -18.1069 3.12367 
6.90162 -22.3362 3.10553 9.73082 -22.3353 3.10553 9.7295 -18.1104 3.10553 8.84822 -18.1107 3.10553 6.9003 -18.1113 3.10553 6.90056 -18.9309 3.10553 6.56643 -19.0716 3.10553 6.56745 -22.3363 3.10553 6.90162 -22.3362 3.10553 
-18.0355 15.9479 3.21482 -19.5321 15.9474 3.21482 -21.6136 15.9468 3.21482 -21.613 13.9184 3.21482 -21.6129 13.4349 3.21482 -21.6113 8.57394 3.21482 -21.6111 7.84661 3.21482 -21.611 7.30103 3.21482 -21.6106 6.008 3.21482 -21.6103 5.32719 3.21482 -21.6098 3.60923 3.21482 -21.6095 2.68074 3.21482 -21.6092 1.71928 3.21482 -21.6091 1.23759 3.21482 -23.0088 1.23716 3.21482 -25.8256 1.23628 3.21482 -27.6502 1.23571 3.21482 -30.2443 1.2349 3.21482 -32.1225 1.23432 3.21482 -32.1218 -0.907432 3.21482 -32.1216 -1.57571 3.21482 -32.1207 -4.58712 3.21482 -32.1197 -7.61317 3.21482 -32.1196 -8.12452 3.21482 -32.1189 -10.2875 3.21482 -30.2407 -10.2869 3.21482 -27.6466 -10.2861 3.21482 -25.822 -10.2855 3.21482 -23.0052 -10.2847 3.21482 -21.6055 -10.2842 3.21482 -21.6053 -11.0091 3.21482 -21.6051 -11.6841 3.21482 -21.6049 -12.329 3.21482 -21.6046 -13.0766 3.21482 -21.604 -15.1503 3.21482 -21.6033 -17.3225 3.21482 -19.5217 -17.3219 3.21482 -18.0252 -17.3214 3.21482 -15.5819 -17.3207 3.21482 -15.0987 -17.3205 3.21482 -12.5836 -17.3197 3.21482 -12.0064 -17.3196 3.21482 -8.92232 -17.3186 3.21482 -8.36102 -17.3184 3.21482 -6.37113 -17.3178 3.21482 -5.69241 -17.3176 3.21482 -5.28188 -17.3175 3.21482 -4.45421 -17.3172 3.21482 -2.68402 -17.3167 3.21482 -0.230225 -17.3159 3.21482 -0.230903 -15.1436 3.21482 -2.68469 -15.1444 3.21482 -4.45488 -15.145 3.21482 -5.28255 -15.1452 3.21482 -5.69309 -15.1454 3.21482 -6.3718 -15.1456 3.21482 -8.3617 -15.1462 3.21482 -8.92299 -15.1464 3.21482 -12.0071 -15.1473 3.21482 -12.5843 -15.1475 3.21482 -15.0994 -15.1483 3.21482 -15.5826 -15.1484 3.21482 -18.0259 -15.1492 3.21482 -19.5224 -15.1497 3.21482 -19.523 -13.076 3.21482 -19.5233 -12.3284 3.21482 -19.5235 -11.6835 3.21482 -19.5237 -11.0085 3.21482 -19.5239 -10.2836 3.21482 -19.5246 -8.1206 3.21482 -19.5248 -7.60925 3.21482 -21.6063 -7.60989 3.21482 -21.6062 -8.12125 3.21482 -23.0059 -8.12168 3.21482 -25.8227 -8.12256 3.21482 -27.6473 -8.12313 3.21482 -30.2414 -8.12394 3.21482 -30.2415 -7.61259 3.21482 -30.2425 -4.58654 3.21482 -30.2434 -1.57513 3.21482 -30.2436 -0.906846 3.21482 -27.6495 -0.906037 3.21482 -25.8249 -0.905469 3.21482 -23.0081 -0.90459 3.21482 -21.6084 -0.904154 3.21482 -19.5269 -0.903505 3.21482 -18.0303 -0.903038 3.21482 -15.587 -0.902276 3.21482 -15.1038 -0.902126 3.21482 -12.5887 -0.901341 3.21482 -12.0116 -0.901161 3.21482 -12.0113 -1.56944 3.21482 -8.92723 -1.56848 3.21482 -8.92743 -0.9002 3.21482 -8.9281 1.24155 3.21482 -12.0122 1.24059 3.21482 -12.5894 1.24041 3.21482 -15.1045 1.23962 3.21482 -15.5877 1.23947 3.21482 -18.031 1.23871 3.21482 -19.5275 1.23824 3.21482 -19.5277 1.71993 3.21482 -19.528 2.68139 3.21482 -19.5283 3.60988 3.21482 -19.5288 5.32784 3.21482 -19.529 6.00865 3.21482 -19.5294 7.30168 3.21482 -19.5296 7.84726 3.21482 -19.5298 8.57459 3.21482 -19.5313 13.4355 3.21482 -19.5315 13.919 3.21482 -18.0349 13.9195 3.21482 -15.5916 13.9203 3.21482 -15.1084 13.9204 3.21482 -12.5933 13.9212 3.21482 -12.0162 13.9214 3.21482 -8.93206 13.9223 3.21482 -8.37076 13.9225 3.21482 -8.3714 15.9509 3.21482 -8.93269 15.9507 3.21482 -12.0168 15.9498 3.21482 -12.5939 15.9496 3.21482 -15.109 15.9488 3.21482 -15.5922 15.9487 3.21482 -18.0355 15.9479 3.21482 
19.3434 15.9596 3.4454 17.283 15.9589 3.4454 16.4688 15.9587 3.4454 16.0453 15.9585 3.4454 13.661 15.9578 3.4454 10.8134 15.9569 3.4454 10.3531 15.9568 3.4454 9.71887 15.9566 3.4454 6.88967 15.9557 3.4454 6.8903 13.9273 3.4454 9.7195 13.9282 3.4454 10.3537 13.9284 3.4454 10.814 13.9285 3.4454 13.6616 13.9294 3.4454 16.0459 13.9301 3.4454 16.4694 13.9303 3.4454 17.2836 13.9305 3.4454 17.2837 13.447 3.4454 17.2852 8.58608 3.4454 17.2855 7.85874 3.4454 17.2856 7.31316 3.4454 17.286 6.02013 3.4454 17.2863 5.33932 3.4454 17.2868 3.62136 3.4454 17.2871 2.69287 3.4454 17.2874 1.73141 3.4454 17.2875 1.24973 3.4454 16.4733 1.24947 3.4454 16.0499 1.24934 3.4454 13.6656 1.2486 3.4454 13.6662 -0.893155 3.4454 13.6665 -1.56143 3.4454 16.0508 -1.56069 3.4454 16.4742 -1.56056 3.4454 17.2884 -1.5603 3.4454 19.3488 -1.55966 3.4454 20.0214 -1.55945 3.4454 20.0223 -4.57086 3.4454 20.0233 -7.59691 3.4454 20.0234 -8.10827 3.4454 20.0241 -10.2712 3.4454 20.0243 -10.9961 3.4454 20.0245 -11.6711 3.4454 20.0247 -12.316 3.4454 20.025 -13.0636 3.4454 20.0251 -13.4039 3.4454 20.0256 -15.1373 3.4454 19.353 -15.1375 3.4454 17.2926 -15.1382 3.4454 16.4784 -15.1384 3.4454 16.055 -15.1386 3.4454 15.9059 -15.1386 3.4454 13.6707 -15.1393 3.4454 10.823 -15.1402 3.4454 10.3627 -15.1403 3.4454 9.72857 -15.1405 3.4454 6.89937 -15.1414 3.4454 6.56521 -15.1415 3.4454 3.75061 -15.1424 3.4454 2.839 -15.1427 3.4454 2.46318 -15.1428 3.4454 1.40646 -15.1431 3.4454 0.786856 -15.1433 3.4454 -0.230903 -15.1436 3.4454 -0.230225 -17.3159 3.4454 0.787534 -17.3156 3.4454 1.40713 -17.3154 3.4454 2.46385 -17.3151 3.4454 2.83967 -17.315 3.4454 3.75128 -17.3147 3.4454 6.56588 -17.3138 3.4454 6.90005 -17.3137 3.4454 9.72925 -17.3128 3.4454 10.3634 -17.3126 3.4454 10.7437 -17.3125 3.4454 10.8237 -17.2788 3.4454 10.8237 -17.3125 3.4454 13.6714 -17.3116 3.4454 16.0557 -17.3108 3.4454 16.4791 -17.3107 3.4454 17.2933 -17.3105 3.4454 19.3537 -17.3098 3.4454 20.0263 -17.3096 3.4454 21.081 -17.3093 3.4454 22.8489 -17.3087 3.4454 22.8482 -15.1364 3.4454 22.8476 -13.0627 3.4454 22.8473 -12.3151 3.4454 22.6104 -12.3152 3.4454 22.8473 -12.2155 3.4454 22.8471 -11.6702 3.4454 22.8469 -10.9953 3.4454 22.8467 -10.2704 3.4454 22.846 -8.10739 3.4454 22.8458 -7.59603 3.4454 22.8449 -4.56998 3.4454 22.844 -1.55857 3.4454 22.8437 -0.890294 3.4454 22.8431 1.25146 3.4454 22.8429 1.73314 3.4454 21.0751 1.73259 3.4454 20.0204 1.73226 3.4454 19.3478 1.73205 3.4454 19.3475 2.69351 3.4454 19.3472 3.622 3.4454 19.3467 5.33996 3.4454 19.3464 6.02077 3.4454 19.346 7.3138 3.4454 19.3459 7.85938 3.4454 19.3456 8.58672 3.4454 19.3441 13.4477 3.4454 19.344 13.9312 3.4454 20.0166 13.9314 3.4454 21.0713 13.9317 3.4454 21.0707 15.9601 3.4454 20.016 15.9598 3.4454 19.3434 15.9596 3.4454 
0.784505 -7.60291 4.33188 -0.233254 -7.60323 4.33188 -0.233094 -8.11458 4.33188 -0.23242 -10.2775 4.33188 -0.232194 -11.0024 4.33188 -0.231983 -11.6774 4.33188 -0.231782 -12.3223 4.33188 -0.231549 -13.0699 4.33188 -0.230903 -15.1436 4.33188 0.786856 -15.1433 4.33188 1.40646 -15.1431 4.33188 1.40581 -13.0694 4.33188 1.40558 -12.3218 4.33188 2.4623 -12.3215 4.33188 2.83812 -12.3214 4.33188 3.74973 -12.3211 4.33188 6.56433 -12.3202 4.33188 6.89849 -12.3201 4.33188 9.72769 -12.3192 4.33188 9.72749 -11.6743 4.33188 9.72728 -10.9993 4.33188 9.72706 -10.2744 4.33188 9.72638 -8.11148 4.33188 9.72622 -7.60012 4.33188 6.89702 -7.601 4.33188 6.56285 -7.60111 4.33188 3.74825 -7.60199 4.33188 2.83664 -7.60227 4.33188 2.46082 -7.60239 4.33188 1.40411 -7.60272 4.33188 0.784505 -7.60291 4.33188 
2.4623 -12.3215 4.41555 1.40558 -12.3218 4.41555 1.40581 -13.0694 4.41555 1.40646 -15.1431 4.41555 2.46318 -15.1428 4.41555 2.839 -15.1427 4.41555 3.75061 -15.1424 4.41555 6.56521 -15.1415 4.41555 6.89937 -15.1414 4.41555 6.89873 -13.0677 4.41555 6.89849 -12.3201 4.41555 6.56433 -12.3202 4.41555 3.74973 -12.3211 4.41555 2.83812 -12.3214 4.41555 2.4623 -12.3215 4.41555 
23.6297 -11.886 2.5893 22.8473 -12.2155 2.5893 22.8473 -12.3151 2.5893 22.8476 -13.0627 2.5893 22.8482 -15.1364 2.5893 23.6307 -15.1362 2.5893 27.4028 -15.135 2.5893 27.817 -13.0612 2.5893 27.9664 -12.3136 2.5893 28.0952 -11.6686 2.5893 28.2301 -10.9936 2.5893 28.3749 -10.2686 2.5893 28.458 -9.8527 2.5893 27.4697 -10.2689 2.5893 25.747 -10.9943 2.5893 24.1429 -11.6698 2.5893 23.6297 -11.886 2.5893 
-5.69397 -12.3241 2.49081 -6.37268 -12.3243 2.49081 -6.37245 -13.0719 2.49081 -6.3718 -15.1456 2.49081 -5.69309 -15.1454 2.49081 -5.28255 -15.1452 2.49081 -4.45488 -15.145 2.49081 -2.68469 -15.1444 2.49081 -0.230903 -15.1436 2.49081 -0.231549 -13.0699 2.49081 -0.231782 -12.3223 2.49081 -0.231983 -11.6774 2.49081 -2.68577 -11.6782 2.49081 -4.45596 -11.6788 2.49081 -4.45576 -12.3237 2.49081 -5.28343 -12.3239 2.49081 -5.69397 -12.3241 2.49081 
-6.3815 15.9515 3.11919 -8.3714 15.9509 3.11919 -8.37076 13.9225 3.11919 -8.37061 13.439 3.11919 -8.3691 8.57807 3.11919 -8.36887 7.85074 3.11919 -8.3687 7.30516 3.11919 -8.3683 6.01213 3.11919 -8.36808 5.33132 3.11919 -8.36755 3.61336 3.11919 -8.36726 2.68487 3.11919 -8.36696 1.72341 3.11919 -8.36681 1.24172 3.11919 -8.9281 1.24155 3.11919 -8.92743 -0.9002 3.11919 -8.92723 -1.56848 3.11919 -8.92629 -4.57989 3.11919 -8.92534 -7.60594 3.11919 -8.36405 -7.60576 3.11919 -8.36389 -8.11712 3.11919 -8.36321 -10.2801 3.11919 -8.36299 -11.005 3.11919 -8.36278 -11.68 3.11919 -8.36258 -12.3249 3.11919 -8.36234 -13.0725 3.11919 -8.3617 -15.1462 3.11919 -6.3718 -15.1456 3.11919 -6.37245 -13.0719 3.11919 -6.37268 -12.3243 3.11919 -5.69397 -12.3241 3.11919 -5.69417 -11.6792 3.11919 -5.69438 -11.0042 3.11919 -5.6946 -10.2793 3.11919 -6.37332 -10.2795 3.11919 -6.37399 -8.1165 3.11919 -6.37415 -7.60514 3.11919 -5.69544 -7.60493 3.11919 -5.69638 -4.57888 3.11919 -5.69732 -1.56747 3.11919 -5.28679 -1.56734 3.11919 -4.45912 -1.56709 3.11919 -2.68893 -1.56653 3.11919 -0.235136 -1.56577 3.11919 0.782622 -1.56545 3.11919 1.40222 -1.56526 3.11919 2.45894 -1.56493 3.11919 2.45873 -0.89665 3.11919 1.40201 -0.896979 3.11919 1.40135 1.24477 3.11919 0.781746 1.24458 3.11919 0.781596 1.72626 3.11919 0.781296 2.68772 3.11919 0.781007 3.61621 3.11919 0.780471 5.33417 3.11919 0.780259 6.01498 3.11919 0.779856 7.30801 3.11919 0.779685 7.85359 3.11919 -0.238073 7.85327 3.11919 -2.69186 7.85251 3.11919 -4.46205 7.85196 3.11919 -5.28972 7.8517 3.11919 -5.70026 7.85157 3.11919 -6.37897 7.85136 3.11919 -6.3792 8.57869 3.11919 -6.38071 13.4396 3.11919 -6.38087 13.9231 3.11919 -5.70215 13.9233 3.11919 -5.29162 13.9235 3.11919 -4.46395 13.9237 3.11919 -2.69376 13.9243 3.11919 -0.239967 13.925 3.11919 0.777792 13.9254 3.11919 1.39739 13.9256 3.11919 2.45411 13.9259 3.11919 2.82993 13.926 3.11919 3.74154 13.9263 3.11919 6.55614 13.9272 3.11919 6.8903 13.9273 3.11919 6.88967 15.9557 3.11919 6.55551 15.9556 3.11919 3.74091 15.9547 3.11919 2.8293 15.9544 3.11919 2.45348 15.9543 3.11919 1.39676 15.954 3.11919 0.77716 15.9538 3.11919 -0.240599 15.9534 3.11919 -2.69439 15.9527 3.11919 -4.46458 15.9521 3.11919 -5.29225 15.9519 3.11919 -5.70279 15.9517 3.11919 -6.3815 15.9515 3.11919 
19.3507 -7.59712 4.34619 17.2903 -7.59776 4.34619 16.4761 -7.59802 4.34619 16.0526 -7.59815 4.34619 13.6683 -7.59889 4.34619 10.8207 -7.59978 4.34619 10.3604 -7.59992 4.34619 10.3605 -8.11128 4.34619 10.3612 -10.2742 4.34619 10.3614 -10.9991 4.34619 10.3616 -11.6741 4.34619 10.3618 -12.319 4.34619 10.8221 -12.3189 4.34619 13.6698 -12.318 4.34619 13.6701 -13.0656 4.34619 16.0544 -13.0649 4.34619 16.4778 -13.0647 4.34619 16.4775 -12.3171 4.34619 17.2917 -12.3169 4.34619 19.3521 -12.3162 4.34619 20.0247 -12.316 4.34619 20.0245 -11.6711 4.34619 20.0243 -10.9961 4.34619 20.0241 -10.2712 4.34619 20.0234 -8.10827 4.34619 20.0233 -7.59691 4.34619 19.3507 -7.59712 4.34619 
-18.0282 -7.60878 4.33401 -18.0281 -8.12013 4.33401 -18.0274 -10.2831 4.33401 -18.0272 -11.008 4.33401 -18.027 -11.683 4.33401 -18.0268 -12.3279 4.33401 -15.5835 -12.3271 4.33401 -15.1003 -12.327 4.33401 -15.1 -13.0746 4.33401 -12.5849 -13.0738 4.33401 -12.5852 -12.3262 4.33401 -12.008 -12.326 4.33401 -8.92387 -12.3251 4.33401 -8.36258 -12.3249 4.33401 -8.36278 -11.68 4.33401 -8.36299 -11.005 4.33401 -8.36321 -10.2801 4.33401 -8.36389 -8.11712 4.33401 -8.92518 -8.11729 4.33401 -8.92534 -7.60594 4.33401 -12.0095 -7.6069 4.33401 -12.5866 -7.60708 4.33401 -15.1017 -7.60787 4.33401 -15.1016 -8.11922 4.33401 -15.5848 -8.11937 4.33401 -15.5849 -7.60802 4.33401 -18.0282 -7.60878 4.33401 
-21.6053 -11.0091 2.61514 -21.6055 -10.2842 2.61514 -23.0052 -10.2847 2.61514 -25.822 -10.2855 2.61514 -25.8218 -11.0104 2.61514 -25.8216 -11.6854 2.61514 -25.8214 -12.3303 2.61514 -23.0046 -12.3295 2.61514 -21.6049 -12.329 2.61514 -21.6051 -11.6841 2.61514 -21.6053 -11.0091 2.61514 
-30.2407 -10.2869 4.48915 -32.1189 -10.2875 4.48915 -32.1187 -11.0124 4.48915 -32.1185 -11.6874 4.48915 -30.2403 -11.6868 4.48915 -27.6462 -11.686 4.48915 -25.8216 -11.6854 4.48915 -25.8218 -11.0104 4.48915 -25.822 -10.2855 4.48915 -27.6466 -10.2861 4.48915 -30.2407 -10.2869 4.48915 
-37.713 -7.61492 3.10868 -37.7129 -8.12627 3.10868 -37.7122 -10.2892 3.10868 -37.712 -11.0141 3.10868 -32.1187 -11.0124 3.10868 -32.1189 -10.2875 3.10868 -32.1196 -8.12452 3.10868 -32.1197 -7.61317 3.10868 -37.713 -7.61492 3.10868 
-5.69544 -7.60493 2.50855 -6.37415 -7.60514 2.50855 -6.37399 -8.1165 2.50855 -6.37332 -10.2795 2.50855 -5.6946 -10.2793 2.50855 -5.28407 -10.2791 2.50855 -4.4564 -10.2789 2.50855 -4.45617 -11.0038 2.50855 -2.68598 -11.0032 2.50855 -0.232194 -11.0024 2.50855 -0.23242 -10.2775 2.50855 -0.233094 -8.11458 2.50855 -2.68689 -8.11535 2.50855 -2.68704 -7.60399 2.50855 -4.45723 -7.60455 2.50855 -5.2849 -7.6048 2.50855 -5.69544 -7.60493 2.50855 
-37.714 -4.58887 3.11115 -37.713 -7.61492 3.11115 -32.1197 -7.61317 3.11115 -32.1207 -4.58712 3.11115 -37.714 -4.58887 3.11115 
-12.5885 -1.56962 3.13384 -12.5887 -0.901341 3.13384 -15.1038 -0.902126 3.13384 -15.1036 -1.57041 3.13384 -15.5868 -1.57056 3.13384 -15.5859 -4.58197 3.13384 -15.5849 -7.60802 3.13384 -15.1017 -7.60787 3.13384 -12.5866 -7.60708 3.13384 -12.5876 -4.58103 3.13384 -12.5885 -1.56962 3.13384 
-18.0303 -0.903038 4.24848 -19.5269 -0.903505 4.24848 -21.6084 -0.904154 4.24848 -21.6082 -1.57244 4.24848 -23.0079 -1.57287 4.24848 -23.007 -4.58428 4.24848 -23.006 -7.61033 4.24848 -21.6063 -7.60989 4.24848 -19.5248 -7.60925 4.24848 -18.0282 -7.60878 4.24848 -15.5849 -7.60802 4.24848 -15.5859 -4.58197 4.24848 -15.5868 -1.57056 4.24848 -15.587 -0.902276 4.24848 -18.0303 -0.903038 4.24848 
-37.7149 -1.57746 3.11131 -37.714 -4.58887 3.11131 -32.1207 -4.58712 3.11131 -32.1216 -1.57571 3.11131 -37.7149 -1.57746 3.11131 
-37.7159 1.71426 3.11084 -37.7158 1.23257 3.11084 -37.7151 -0.909176 3.11084 -37.7149 -1.57746 3.11084 -32.1216 -1.57571 3.11084 -32.1218 -0.907432 3.11084 -32.1225 1.23432 3.11084 -32.1226 1.716 3.11084 -37.7159 1.71426 3.11084 
10.3576 1.24756 3.30374 9.72346 1.24737 3.30374 6.89426 1.24648 3.30374 6.5601 1.24638 3.30374 6.55995 1.72806 3.30374 6.55965 2.68952 3.30374 6.55936 3.61801 3.30374 6.55882 5.33597 3.30374 3.74422 5.3351 3.30374 3.74476 3.61714 3.30374 3.74505 2.68865 3.30374 3.74535 1.72719 3.30374 3.7455 1.2455 3.30374 2.83389 1.24522 3.30374 2.45807 1.2451 3.30374 1.40135 1.24477 3.30374 1.40201 -0.896979 3.30374 2.45873 -0.89665 3.30374 2.45894 -1.56493 3.30374 2.83476 -1.56481 3.30374 3.74637 -1.56453 3.30374 6.56097 -1.56365 3.30374 6.89514 -1.56355 3.30374 9.72434 -1.56266 3.30374 10.3585 -1.56247 3.30374 10.8188 -1.56232 3.30374 13.6665 -1.56143 3.30374 13.6662 -0.893155 3.30374 13.6656 1.2486 3.30374 10.8179 1.24771 3.30374 10.3576 1.24756 3.30374 
-27.6521 7.29915 2.34787 -27.6517 6.00612 2.34787 -27.6514 5.32531 2.34787 -27.6509 3.60735 2.34787 -27.6506 2.67886 2.34787 -27.6503 1.7174 2.34787 -27.6502 1.23571 2.34787 -25.8256 1.23628 2.34787 -25.8257 1.71797 2.34787 -25.826 2.67943 2.34787 -25.8263 3.60792 2.34787 -25.8268 5.32588 2.34787 -25.8271 6.00669 2.34787 -23.0103 6.00757 2.34787 -21.6106 6.008 2.34787 -21.611 7.30103 2.34787 -23.0107 7.3006 2.34787 -25.8275 7.29972 2.34787 -27.6521 7.29915 2.34787 
-21.6103 5.32719 2.60826 -21.6106 6.008 2.60826 -23.0103 6.00757 2.60826 -25.8271 6.00669 2.60826 -25.8268 5.32588 2.60826 -25.8263 3.60792 2.60826 -25.826 2.67943 2.60826 -25.8257 1.71797 2.60826 -25.8256 1.23628 2.60826 -23.0088 1.23716 2.60826 -21.6091 1.23759 2.60826 -21.6092 1.71928 2.60826 -21.6095 2.68074 2.60826 -21.6098 3.60923 2.60826 -21.6103 5.32719 2.60826 
-18.0329 7.30215 3.09859 -19.5294 7.30168 3.09859 -19.529 6.00865 3.09859 -19.5288 5.32784 3.09859 -19.5283 3.60988 3.09859 -19.528 2.68139 3.09859 -19.5277 1.71993 3.09859 -19.5275 1.23824 3.09859 -18.031 1.23871 3.09859 -15.5877 1.23947 3.09859 -15.1045 1.23962 3.09859 -15.1046 1.72131 3.09859 -15.1049 2.68277 3.09859 -15.1052 3.61126 3.09859 -15.1057 5.32922 3.09859 -15.106 6.01003 3.09859 -15.1064 7.30306 3.09859 -15.5896 7.30291 3.09859 -18.0329 7.30215 3.09859 
17.2856 7.31316 3.11263 17.2855 7.85874 3.11263 16.4713 7.85848 3.11263 16.471 8.58582 3.11263 16.0476 8.58569 3.11263 13.6633 8.58495 3.11263 10.8156 8.58406 3.11263 10.8159 7.85672 3.11263 10.3556 7.85658 3.11263 9.7214 7.85638 3.11263 9.72157 7.3108 3.11263 9.72197 6.01777 3.11263 9.72218 5.33696 3.11263 9.72272 3.619 3.11263 10.3569 3.6192 3.11263 10.3572 2.69071 3.11263 10.3575 1.72925 3.11263 10.3576 1.24756 3.11263 10.8179 1.24771 3.11263 13.6656 1.2486 3.11263 16.0499 1.24934 3.11263 16.4733 1.24947 3.11263 17.2875 1.24973 3.11263 17.2874 1.73141 3.11263 17.2871 2.69287 3.11263 17.2868 3.62136 3.11263 16.4726 3.6211 3.11263 16.0491 3.62097 3.11263 13.6648 3.62023 3.11263 13.6643 5.33819 3.11263 13.6641 6.019 3.11263 16.0484 6.01974 3.11263 16.4718 6.01987 3.11263 17.286 6.02013 3.11263 17.2856 7.31316 3.11263 
20.0185 7.85959 3.11199 19.3459 7.85938 3.11199 19.346 7.3138 3.11199 19.3464 6.02077 3.11199 19.3467 5.33996 3.11199 19.3472 3.622 3.11199 19.3475 2.69351 3.11199 19.3478 1.73205 3.11199 20.0204 1.73226 3.11199 21.0751 1.73259 3.11199 22.8429 1.73314 3.11199 22.8426 2.6946 3.11199 23.6251 2.69484 3.11199 23.6248 3.62333 3.11199 23.6243 5.34129 3.11199 23.6241 6.0221 3.11199 23.6237 7.31513 3.11199 23.6235 7.86071 3.11199 22.841 7.86047 3.11199 21.0732 7.85992 3.11199 20.0185 7.85959 3.11199 
6.89197 8.58283 3.08925 6.8922 7.8555 3.08925 6.89237 7.30992 3.08925 6.89277 6.01689 3.08925 6.89298 5.33608 3.08925 9.72218 5.33696 3.08925 9.72197 6.01777 3.08925 9.72157 7.3108 3.08925 9.7214 7.85638 3.08925 9.72117 8.58372 3.08925 6.89197 8.58283 3.08925 
20.0167 13.4479 3.10961 19.3441 13.4477 3.10961 19.3456 8.58672 3.10961 19.3459 7.85938 3.10961 20.0185 7.85959 3.10961 21.0732 7.85992 3.10961 22.841 7.86047 3.10961 22.8408 8.58781 3.10961 23.6233 8.58805 3.10961 23.6218 13.449 3.10961 22.8393 13.4487 3.10961 22.8391 13.9322 3.10961 21.0713 13.9317 3.10961 20.0166 13.9314 3.10961 20.0167 13.4479 3.10961 
-5.70215 13.9233 3.07167 -6.38087 13.9231 3.07167 -6.38071 13.4396 3.07167 -6.3792 8.57869 3.07167 -5.70049 8.57891 3.07167 -5.28995 8.57903 3.07167 -4.46228 8.57929 3.07167 -2.69209 8.57984 3.07167 -2.69361 13.4408 3.07167 -2.69376 13.9243 3.07167 -4.46395 13.9237 3.07167 -5.29162 13.9235 3.07167 -5.70215 13.9233 3.07167 
0.777792 13.9254 3.09584 -0.239967 13.925 3.09584 -2.69376 13.9243 3.09584 -2.69361 13.4408 3.09584 -2.69209 8.57984 3.09584 -0.2383 8.58061 3.09584 0.779459 8.58093 3.09584 1.39906 8.58112 3.09584 2.45578 8.58145 3.09584 2.45426 13.4424 3.09584 2.45411 13.9259 3.09584 1.39739 13.9256 3.09584 0.777792 13.9254 3.09584 
9.71966 13.4447 3.09134 9.7195 13.9282 3.09134 6.8903 13.9273 3.09134 6.55614 13.9272 3.09134 3.74154 13.9263 3.09134 2.82993 13.926 3.09134 2.45411 13.9259 3.09134 2.45426 13.4424 3.09134 2.45578 8.58145 3.09134 2.8316 8.58157 3.09134 3.74321 8.58185 3.09134 6.55781 8.58273 3.09134 6.89197 8.58283 3.09134 9.72117 8.58372 3.09134 9.71966 13.4447 3.09134 
-8.9319 13.4388 3.09535 -8.93206 13.9223 3.09535 -12.0162 13.9214 3.09535 -12.016 13.4379 3.09535 -12.0145 8.57694 3.09535 -8.93039 8.5779 3.09535 -8.9319 13.4388 3.09535 
21.069 21.3005 3.11446 20.0143 21.3002 3.11446 20.0145 20.6287 3.11446 20.016 15.9598 3.11446 21.0707 15.9601 3.11446 21.0713 13.9317 3.11446 22.8391 13.9322 3.11446 22.8385 15.9606 3.11446 22.837 20.6295 3.11446 22.8368 21.301 3.11446 21.069 21.3005 3.11446 
-5.29391 21.2923 3.10997 -5.70445 21.2921 3.10997 -5.70424 20.6206 3.10997 -5.70279 15.9517 3.10997 -5.29225 15.9519 3.10997 -4.46458 15.9521 3.10997 -2.69439 15.9527 3.10997 -2.69584 20.6216 3.10997 -2.69605 21.2931 3.10997 -4.46624 21.2925 3.10997 -5.29391 21.2923 3.10997 
-18.037 20.6168 3.10658 -18.0372 21.2883 3.10658 -19.5338 21.2878 3.10658 -21.6153 21.2872 3.10658 -21.6151 20.6157 3.10658 -21.6136 15.9468 3.10658 -19.5321 15.9474 3.10658 -18.0355 15.9479 3.10658 -18.037 20.6168 3.10658 
-18.0372 21.2883 3.10742 -18.037 20.6168 3.10742 -18.0355 15.9479 3.10742 -15.5922 15.9487 3.10742 -15.5937 20.6176 3.10742 -15.5939 21.2891 3.10742 -18.0372 21.2883 3.10742 
-15.1107 21.2892 3.11362 -15.5939 21.2891 3.11362 -15.5937 20.6176 3.11362 -15.5922 15.9487 3.11362 -15.109 15.9488 3.11362 -12.5939 15.9496 3.11362 -12.0168 15.9498 3.11362 -12.0183 20.6187 3.11362 -12.0185 21.2902 3.11362 -12.5956 21.29 3.11362 -15.1107 21.2892 3.11362 
-8.93414 20.6196 3.12028 -8.93435 21.2911 3.12028 -12.0185 21.2902 3.12028 -12.0183 20.6187 3.12028 -12.0168 15.9498 3.12028 -8.93269 15.9507 3.12028 -8.93414 20.6196 3.12028 
-6.38295 20.6204 3.11111 -8.37285 20.6198 3.11111 -8.93414 20.6196 3.11111 -8.93269 15.9507 3.11111 -8.3714 15.9509 3.11111 -6.3815 15.9515 3.11111 -5.70279 15.9517 3.11111 -5.70424 20.6206 3.11111 -6.38295 20.6204 3.11111 
0.775704 20.6227 3.12194 0.775494 21.2942 3.12194 -0.242264 21.2938 3.12194 -2.69605 21.2931 3.12194 -2.69584 20.6216 3.12194 -2.69439 15.9527 3.12194 -0.240599 15.9534 3.12194 0.77716 15.9538 3.12194 0.775704 20.6227 3.12194 
6.55385 21.296 3.12269 3.73925 21.2951 3.12269 3.73946 20.6236 3.12269 3.74091 15.9547 3.12269 6.55551 15.9556 3.12269 6.88967 15.9557 3.12269 6.88822 20.6246 3.12269 6.88801 21.2961 3.12269 6.55385 21.296 3.12269 
10.3531 15.9568 3.11115 10.3516 20.6257 3.11115 9.71742 20.6255 3.11115 6.88822 20.6246 3.11115 6.88967 15.9557 3.11115 9.71887 15.9566 3.11115 10.3531 15.9568 3.11115 
19.3417 21.3 3.10597 17.2813 21.2993 3.10597 16.4671 21.2991 3.10597 16.4673 20.6276 3.10597 16.4688 15.9587 3.10597 17.283 15.9589 3.10597 19.3434 15.9596 3.10597 20.016 15.9598 3.10597 20.0145 20.6287 3.10597 20.0143 21.3002 3.10597 19.3417 21.3 3.10597 
0.775494 21.2942 3.12376 0.775704 20.6227 3.12376 0.77716 15.9538 3.12376 1.39676 15.954 3.12376 2.45348 15.9543 3.12376 2.8293 15.9544 3.12376 3.74091 15.9547 3.12376 3.73946 20.6236 3.12376 3.73925 21.2951 3.12376 2.82764 21.2948 3.12376 2.45182 21.2947 3.12376 1.3951 21.2944 3.12376 0.775494 21.2942 3.12376 
10.8117 21.2973 3.1159 10.3514 21.2972 3.1159 10.3516 20.6257 3.1159 10.3531 15.9568 3.1159 10.8134 15.9569 3.1159 13.661 15.9578 3.1159 13.6595 20.6267 3.1159 13.6593 21.2982 3.1159 10.8117 21.2973 3.1159 
16.0436 21.2989 3.11456 13.6593 21.2982 3.11456 13.6595 20.6267 3.11456 13.661 15.9578 3.11456 16.0453 15.9585 3.11456 16.4688 15.9587 3.11456 16.4673 20.6276 3.11456 16.4671 21.2991 3.11456 16.0436 21.2989 3.11456 
