4.38969
1.30261
4.08081
4.24347
3.83032
4.94725
1.26373
2.30176
4.52156
0.322328
7.0842
6.65089
0.898257
6.09733
8.19699
3.79068
1.54616
0.237957
10.3868
6.7721
9.71261
1.00751
8.89579
11.2007
0.560634
7.2746
5.26004
1.09946
0.529384
1.18805
3.7571
0.890216
0.620667
1.46928
5.89063
0.851196
3.52044
0.0981417
0.227314
6.05379
0.0209039
9.02208
5.76089
0.893374
2.03276
3.92635
1.43609
4.40615
4.15159
0.560978
6.01394
0.0694697
0.697794
6.89657
0.000569135
9.35918
6.4318
10.5491
0.85904
0.607025
7.73444
10.0984
3.65574
3.81557
1.03089
1.64117
0.433617
5.07437
7.07007
9.11925
6.49414
3.41008
6.28853
0.775942
8.11587
3.00362
6.57891
8.29004
7.30071
3.06721
1.24625
1.73456
0.538657
5.76655
3.5677
0.220054
0.552798
5.3755
0.0177542
9.14606
0.556457
0.0437438
6.18524
7.65964
1.54335
2.85721
1.09274
3.69339
0.46301
1.45671
0.873077
4.06621
5.24764
0.4237
0.511289
1.22975
9.08774
6.3332
1.93584
0.817877
0.389285
6.77703
0.596818
0.555665
3.19522
4.64608
0.0630634
5.89636
5.13117
0.817647
5.5113
0.679079
0.806919
5.08216
0.804447
1.21662
5.73912
4.51134
0.212804
4.67438
0.665988
1.32896
1.13299
2.06054
3.34472
3.87854
0.537783
4.58284
3.87945
0.465149
0.938669
1.9657
0.703722
0.340765
0.311849
0.0746123
1.38027
0.172165
1.41946
1.8547
0.689305
1.20111
0.243502
0.132272
0.880564
0.82479
1.42791
0.236346
1.31175
0.199549
2.33135
2.98841
1.1105
4.48934
1.89107
0.454952
3.65176
0.323871
1.42303
2.7731
1.41705
2.79614
2.26167
4.42687
0.186062
3.3537
2.22983
0.319121
6.71501
8.39859
3.15693
1.15659
0.662802
1.01018
6.25498
0.953031
1.52708
0.460967
2.48875
0.197881
1.9429
0.20999
1.58048
1.78945
0.0462859
2.24846
0.412228
0.0236189
4.30913
0.125211
0.707485
1.10642
7.05193e-05
0.0345024
0.261322
0.463556
0.08037
0.555903
0.253339
0.306161
1.21089
0.118935
0.131247
1.13544
0.453884
0.260411
0.977979
1.15137
4.40663
0.101949
0.515696
0.356784
0.00407086
1.36319
0.0477213
0.0205253
0.23735
1.53232
0.0345443
0.115434
1.35735
11.4703
0.96008
0.708159
0.124699
4.07897
5.13447
1.84243
0.712928
2.92804
0.952966
0.59333
0.921792
2.29546
0.503852
2.54874
0.591928
3.0141
0.379476
0.724898
0.688111
2.66093
0.175604
5.18729
3.74782
0.453217
1.57878
7.25181
9.27994
3.41381
5.72659
1.4674
1.13446
4.33601
4.41022
6.77953
0.311889
1.01455
10.0571
6.81353
0.940163
2.01688
0.705319
4.28883
4.47195
4.96095
4.72971
3.05997
1.53628
0.624573
4.05917
4.63506
4.26167
0.89681
3.89969
5.45697e-05
0.0189411
4.87576
0.134784
0.629979
0.0194021
0.58329
1.65708
0.301621
0.411017
0.799431
1.00712
0.07769
0.305629
1.37667
0.0792209
1.49563
0.362166
1.33452
0.403865
0.149699
0.36969
0.489964
0.930366
0.138298
1.52451
1.50732
0.444986
1.35476
0.301186
0.414668
1.14188
0.094428
0.32453
1.24366
0.103224
0.266679
0.399161
0.472099
0.0877273
0.844691
0.120887
0.279404
0.623312
0.149045
0.634397
3.76993
2.84097
3.00692
1.40467
2.49799
0.149128
2.76128
0.429333
1.79316
2.01524
1.59073
1.79579
2.96089
3.4395
0.550832
0.646697
0.138218
0.199769
1.60073
4.08617
2.56501
5.03874
0.411765
5.70204
0.265624
2.14109
0.902996
0.658847
0.559861
4.45596
0.638512
9.2275
0.450764
3.4298
1.55
1.25455
1.24566
7.16417
0.980253
0.716524
0.898593
0.795268
1.82959
0.184975
1.16957
0.303029
1.34544
1.36788
1.12985
0.140963
0.39739
0.740647
1.10345
1.01911
0.832119
0.134292
0.66313
0.161273
0.617566
0.0902216
0.230445
0.336442
0.0613712
2.97327
0.153543
1.16706
0.577898
0.633673
0.245905
2.94797
0.390683
0.204409
1.34719
0.164906
0.935392
0.564995
0.467346
0.10481
0.232992
0.0961612
0.0648193
0.00413371
2.11621
1.84458
4.11877
0.117625
0.164758
1.67373
0.0366485
0.11846
1.09491
0.931605
0.374533
0.503741
7.64517
0.290637
0.0273121
2.06852
0.0776731
1.00045
6.89677
0.203148
0.160324
1.10157
0.0246106
0.769827
4.93308
0.092764
0.693166
4.28754
8.27321
0.0796112
4.83786
0.19378
1.80239
0.216632
3.31598
0.527978
7.06263
0.292437
3.06963
0.127056
0.934172
6.23197
1.05475
6.32108
0.256355
2.55105
0.461547
0.0799972
7.08696
0.357428
2.70421
1.17092
0.839968
0.385689
10.1493
3.82475
0.269024
1.17454
0.15596
1.51502
0.382345
0.344768
0.630876
3.90004
0.945375
0.797237
0.0417402
0.111092
0.144006
0.183285
0.143062
0.00644724
0.149368
0.518711
0.0272825
0.0396497
0.00244616
0.0893111
0.14437
