3.31954 8.02924 1.47179 8.02832 -0.424121 8.02738 -0.937279 8.02713 -1.56765 8.02682 -2.37188 8.02642 -2.88504 8.02616 -4.03442 8.02559 -4.48664 8.02537 -4.90134 8.02517 -5.47342 8.02488 -6.21718 8.02451 -6.59723 8.02433 -7.07088 8.02409 -7.58878 8.02383 -8.20949 8.02353 -8.58935 8.02334 -10.002 8.02264 -10.5297 8.02238 -11.6503 8.02182 -11.8559 8.02172 -12.4884 8.02141 -13.525 8.0209 -13.9358 8.02069 -13.936 8.40083 -13.9365 9.29468 -13.937 10.3885 -13.9374 11.271 -13.9377 11.7731 -13.9379 12.3109 -13.9382 12.8693 -13.9384 13.3262 -13.9387 13.825 -13.9389 14.3509 -13.9398 16.1582 -13.9401 16.6563 -16.2044 16.6552 -16.2041 16.1571 -16.2032 14.3498 -16.2029 13.8239 -16.2027 13.3251 -16.2025 12.8682 -16.2022 12.3098 -16.2019 11.772 -16.2012 10.3874 -16.2007 9.29356 -16.2005 8.90441 -16.2003 8.39971 -16.2001 8.01957 -16.6264 8.01936 -17.0471 8.01915 -19.496 8.01794 -19.4951 6.24398 -19.3755 6.1244 -18.8587 6.12465 -16.6254 6.12576 -16.6252 5.70035 -16.6246 4.3792 -16.6241 3.37278 -16.5568 3.30551 -16.1977 3.30569 -13.9335 3.30681 -13.934 4.38054 -13.9347 5.70169 -13.5238 5.70189 -12.4872 5.7024 -11.8547 5.70272 -11.6491 5.70282 -10.5285 5.70337 -10.0008 5.70363 -8.5882 5.70433 -8.20834 5.70452 -7.58763 5.70483 -7.06973 5.70509 -6.59608 5.70532 -6.21603 5.70551 -5.47227 5.70588 -4.90019 5.70616 -4.48549 5.70637 -4.03327 5.70659 -2.88389 5.70716 -2.37073 5.70741 -1.5665 5.70781 -0.936131 5.70812 -0.422973 5.70838 1.47294 5.70932 1.47359 4.38817 1.47412 3.31444 1.47424 3.08174 1.47488 1.77932 0.0967886 1.77864 -0.420784 1.289 -0.420764 1.24727 1.47514 1.24821 1.47542 0.685583 1.47604 -0.563966 -0.419866 -0.564905 -0.419189 -1.93248 -0.418068 -4.19588 -0.417804 -4.72928 1.4781 -4.72834 1.47816 -4.8405 3.32591 -4.8405 3.32585 -4.72742 3.32559 -4.19403 3.94499 -4.19372 3.94387 -1.93031 3.94319 -0.562744 4.34992 -0.562543 4.3493 0.687006 4.34902 1.24964 3.94229 1.24943 3.94203 1.78054 3.94127 3.31566 3.94074 4.38939 3.94023 5.41464 3.94009 5.71054 3.93987 6.13594 4.3466 6.13614 4.70309 6.13632 6.70578 8.03091 4.34567 8.02974 3.93894 8.02954 3.31954 8.02924
-22.096 -1.94321 -22.0967 -0.57564 -24.3861 -0.576773 -25.2675 -0.57721 -25.64 -0.966732 -25.6395 -1.94496 -25.6384 -4.20837 -25.6381 -4.74177 -24.384 -4.74115 -24.3843 -4.20775 -22.0949 -4.20662 -22.096 -1.94321
-19.9274 -0.574565 -22.0967 -0.57564 -22.096 -1.94321 -22.0949 -4.20662 -22.0946 -4.74002 -19.9254 -4.73894 -19.4897 -4.73873 -19.4899 -4.20533 -16.6203 -4.20391 -16.6214 -1.9405 -16.6221 -0.572929 -19.4917 -0.57435 -19.9274 -0.574565
-13.9328 1.77169 -13.9335 3.30681 -16.1977 3.30569 -16.5568 3.30551 -16.624 3.30548 -16.6233 1.77036 -16.623 1.23925 -16.6227 0.67662 -16.6221 -0.572929 -16.6214 -1.9405 -16.6203 -4.20391 -16.194 -4.2037 -16.1938 -4.73709 -13.9296 -4.73597 -13.9298 -4.20258 -13.5189 -4.20237 -13.52 -1.93896 -13.5207 -0.571393 -13.9316 -0.571596 -13.9322 0.677953 -13.9322 0.680767 -13.9325 1.24058 -13.9328 1.77169
13.8388 -1.92542 13.8381 -0.557844 12.7626 -0.558377 11.3216 -0.55909 10.8755 -0.559311 10.8762 -1.92688 10.8773 -4.19029 10.8775 -4.72368 11.3236 -4.72346 11.3234 -4.19007 12.7644 -4.18936 12.7646 -4.72275 13.8401 -4.72222 13.8399 -4.18882 17.5515 -4.18699 17.5504 -1.92358 13.8388 -1.92542
7.29362 -1.92866 7.29294 -0.561085 4.34992 -0.562543 3.94319 -0.562744 3.94387 -1.93031 3.94499 -4.19372 4.35172 -4.19352 7.29474 -4.19207 7.29362 -1.92866
-27.2124 0.671376 -29.6278 0.67018 -29.6272 -0.579369 -29.712 -0.579411 -29.712 -1.94698 -29.712 -4.21039 -29.6254 -4.21035 -29.6251 -4.74375 -29.2517 -4.74356 -27.2097 -4.74255 -26.542 -4.74222 -25.6381 -4.74177 -25.6384 -4.20837 -25.6395 -1.94496 -25.64 -0.966732 -25.6402 -0.577395 -25.6408 0.672154 -26.5447 0.671707 -27.2124 0.671376
7.71797 -0.560875 7.29294 -0.561085 7.29362 -1.92866 7.29474 -4.19207 7.295 -4.72546 7.72003 -4.72525 7.71977 -4.19186 10.8773 -4.19029 10.8762 -1.92688 10.8755 -0.559311 7.71797 -0.560875
-12.484 -0.767517 -12.6805 -0.570977 -13.5207 -0.571393 -13.52 -1.93896 -13.5189 -4.20237 -12.4823 -4.20186 -11.8498 -4.20155 -11.8509 -1.93814 -11.8512 -1.40037 -11.8516 -0.570566 -12.4841 -0.570879 -12.484 -0.767517
-0.932347 -1.93273 -0.933024 -0.565159 -1.5634 -0.565471 -2.36763 -0.565869 -2.38149 -0.565876 -2.88079 -0.566124 -4.03017 -0.566693 -4.48239 -0.566917 -4.89709 -0.567122 -5.46917 -0.567405 -6.21293 -0.567774 -6.59297 -0.567962 -7.06663 -0.568196 -7.58453 -0.568453 -8.20524 -0.56876 -8.5851 -0.568948 -9.99774 -0.569648 -10.5254 -0.569909 -11.646 -0.570464 -11.8516 -0.570566 -11.8512 -1.40037 -11.8509 -1.93814 -11.8498 -4.20155 -11.6442 -4.20144 -10.5236 -4.20089 -9.99595 -4.20063 -9.05158 -4.20016 -8.5833 -4.19993 -8.20344 -4.19974 -7.58273 -4.19943 -7.06483 -4.19918 -6.59117 -4.19894 -6.22164 -4.19876 -6.21113 -4.18881 -6.21113 -4.19875 -5.46737 -4.19839 -4.89529 -4.1981 -4.48059 -4.1979 -4.02837 -4.19767 -2.87899 -4.1971 -2.36583 -4.19685 -1.5616 -4.19645 -0.931226 -4.19614 -0.932347 -1.93273
-0.419189 -1.93248 -0.419866 -0.564905 -0.933024 -0.565159 -0.932347 -1.93273 -0.931226 -4.19614 -0.418068 -4.19588 -0.419189 -1.93248
13.8369 1.78544 13.8372 1.25433 13.8375 0.691705 13.8381 -0.557844 13.8388 -1.92542 17.5504 -1.92358 17.5497 -0.556006 17.5491 0.693543 17.5488 1.25617 17.5485 1.78728 13.8369 1.78544
-4.03106 1.24549 -4.48328 1.24526 -4.89798 1.24506 -5.47006 1.24477 -6.21382 1.24441 -6.59387 1.24422 -7.06752 1.24398 -7.58542 1.24373 -8.20613 1.24342 -8.58599 1.24323 -9.99864 1.24253 -9.99836 0.679901 -10.526 0.679639 -10.5254 -0.569909 -9.99774 -0.569648 -8.5851 -0.568948 -8.20524 -0.56876 -7.58453 -0.568453 -7.06663 -0.568196 -6.59297 -0.567962 -6.21293 -0.567774 -5.46917 -0.567405 -4.89709 -0.567122 -4.48239 -0.566917 -4.03017 -0.566693 -2.88079 -0.566124 -2.88141 0.683425 -2.36825 0.683679 -2.36852 1.24631 -2.88168 1.24606 -4.03106 1.24549
-21.2681 8.01706 -22.101 8.01665 -24.3904 8.01552 -24.3894 6.12192 -24.3892 5.69651 -24.3886 4.37536 -24.388 3.30164 -24.3873 1.76652 -24.387 1.23541 -24.3867 0.672775 -25.6408 0.672154 -25.6402 -0.577395 -25.2675 -0.57721 -24.3861 -0.576773 -22.0967 -0.57564 -19.9274 -0.574565 -19.4917 -0.57435 -16.6221 -0.572929 -16.6227 0.67662 -16.623 1.23925 -19.4926 1.23783 -19.9283 1.23761 -19.9286 1.76872 -19.4929 1.76894 -19.4936 3.30406 -19.4942 4.37778 -19.4947 5.45959 -19.4948 5.69893 -19.495 6.12434 -19.4951 6.24398 -19.496 8.01794 -19.9317 8.01772 -21.2681 8.01706
7.71372 8.03141 7.28869 8.0312 6.70578 8.03091 4.70309 6.13632 7.28962 6.1376 7.71465 6.13781 10.8722 6.13938 11.3183 6.1396 11.3185 5.7142 11.3191 4.39305 11.3197 3.31932 11.3204 1.7842 11.3207 1.25309 10.8746 1.25287 7.71707 1.2513 7.29204 1.25109 4.34902 1.24964 4.3493 0.687006 4.34992 -0.562543 7.29294 -0.561085 7.71797 -0.560875 10.8755 -0.559311 11.3216 -0.55909 12.7626 -0.558377 13.8381 -0.557844 13.8375 0.691705 13.8372 1.25433 13.8369 1.78544 13.8362 3.32056 13.8356 4.39429 13.835 5.71544 13.8348 6.14084 13.8346 6.48912 13.8338 8.03444 13.8336 8.41458 13.8332 9.30843 12.7577 9.3079 11.3167 9.30719 11.3169 8.97939 11.3171 8.41334 11.3173 8.0332 10.8712 8.03298 7.71372 8.03141
1.47542 0.685583 1.47514 1.24821 -0.420764 1.24727 -0.464917 1.24725 -0.933922 1.24702 -1.56429 1.24671 -1.56456 1.77782 -2.36879 1.77742 -2.36852 1.24631 -2.36825 0.683679 -2.88141 0.683425 -2.88079 -0.566124 -2.38149 -0.565876 -2.36763 -0.552766 -2.36763 -0.565869 -1.5634 -0.565471 -0.933024 -0.565159 -0.419866 -0.564905 1.47604 -0.563966 1.47542 0.685583
-13.9322 0.680767 -13.9294 0.677954 -13.9322 0.677953 -13.9316 -0.571596 -13.5207 -0.571393 -12.6805 -0.570977 -12.4841 -0.570879 -11.8516 -0.570566 -11.646 -0.570464 -10.5254 -0.569909 -10.526 0.679639 -9.99836 0.679901 -9.99864 1.24253 -10.5263 1.24227 -11.6469 1.24172 -11.8525 1.24161 -12.485 1.2413 -13.5216 1.24079 -13.9325 1.24058 -13.9322 0.680767
-27.2161 8.01412 -29.6315 8.01292 -29.6305 6.11932 -29.6303 5.69391 -29.6297 4.37276 -29.6293 3.68776 -29.6291 3.29904 -29.6284 1.76392 -29.6281 1.23281 -29.6278 0.67018 -27.2124 0.671376 -27.2127 1.23401 -27.213 1.76512 -26.5453 1.76545 -26.545 1.23434 -26.5447 0.671707 -25.6408 0.672154 -24.3867 0.672775 -24.387 1.23541 -24.3873 1.76652 -24.388 3.30164 -24.3886 4.37536 -24.3892 5.69651 -24.3894 6.12192 -24.3904 8.01552 -25.3002 8.01506 -25.6443 7.67112 -25.6445 8.01489 -26.5484 8.01445 -27.2161 8.01412
7.71486 5.71241 7.71465 6.13781 7.28962 6.1376 4.70309 6.13632 4.34677 5.79923 4.34681 5.71074 4.34747 4.38959 4.348 3.31587 4.34876 1.78075 4.34902 1.24964 7.29204 1.25109 7.29178 1.7822 7.71681 1.78241 7.71605 3.31753 7.71552 4.39126 7.71486 5.71241
10.8722 6.13938 7.71465 6.13781 7.71486 5.71241 7.71552 4.39126 7.71605 3.31753 7.71681 1.78241 7.71707 1.2513 10.8746 1.25287 11.3207 1.25309 11.3204 1.7842 11.3197 3.31932 11.3191 4.39305 11.3185 5.7142 11.3183 6.1396 10.8722 6.13938
-4.03262 4.38544 -4.03327 5.70659 -4.48549 5.70637 -4.90019 5.70616 -5.47227 5.70588 -6.21603 5.70551 -6.59608 5.70532 -7.06973 5.70509 -7.06908 4.38394 -7.06855 3.31021 -7.06779 1.77509 -6.59413 1.77533 -6.21409 1.77552 -5.47033 1.77588 -4.89825 1.77617 -4.48355 1.77637 -4.03133 1.7766 -4.03209 3.31172 -4.03262 4.38544
-12.4872 5.7024 -13.5238 5.70189 -13.5232 4.38074 -13.5226 3.30702 -13.5219 1.7719 -12.4853 1.77241 -11.8528 1.77272 -11.6472 1.77282 -10.5266 1.77338 -9.9989 1.77364 -8.58626 1.77434 -8.2064 1.77453 -7.58569 1.77484 -7.06779 1.77509 -7.06855 3.31021 -7.06908 4.38394 -7.06973 5.70509 -7.58763 5.70483 -8.20834 5.70452 -8.5882 5.70433 -10.0008 5.70363 -10.5285 5.70337 -11.6491 5.70282 -11.8547 5.70272 -12.4872 5.7024
-1.56585 4.38666 -1.5665 5.70781 -2.37073 5.70741 -2.88389 5.70716 -4.03327 5.70659 -4.03262 4.38544 -4.03209 3.31172 -4.03133 1.7766 -2.88195 1.77717 -2.36879 1.77742 -1.56456 1.77782 -1.56532 3.31294 -1.56585 4.38666
0.0967886 1.77864 1.47488 1.77932 1.47424 3.08174 1.47412 3.31444 1.47359 4.38817 1.47294 5.70932 -0.422973 5.70838 -0.936131 5.70812 -1.5665 5.70781 -1.56585 4.38666 -1.56532 3.31294 -1.56456 1.77782 -0.934185 1.77813 -0.421027 1.77838 0.0967886 1.77864
14.6164 5.71583 13.835 5.71544 13.8356 4.39429 13.8362 3.32056 13.8369 1.78544 17.5485 1.78728 17.548 2.81621 17.5478 3.3224 17.5472 4.39613 17.5466 5.71728 14.6164 5.71583
13.8332 9.30843 13.8336 8.41458 13.8338 8.03444 13.8346 6.48912 13.8348 6.14084 13.835 5.71544 14.6164 5.71583 17.5466 5.71728 17.5464 6.14268 17.5454 8.03628 17.5452 8.41642 17.5448 9.31027 13.8332 9.30843
3.31935 8.40938 3.31891 9.30323 1.47116 9.30231 1.4716 8.40846 1.47179 8.02832 3.31954 8.02924 3.31935 8.40938
-27.2187 13.3196 -29.6341 13.3184 -29.6339 12.8615 -29.6336 12.3031 -29.6333 11.7653 -29.6326 10.3807 -29.6321 9.28691 -29.6317 8.39306 -27.2163 8.39426 -26.5486 8.39459 -25.6447 8.39503 -24.9197 8.39539 -24.3906 8.39565 -24.3904 8.01552 -22.101 8.01665 -22.1012 8.39679 -22.1014 8.85043 -22.5414 9.29042 -22.1016 9.29064 -22.1021 10.3845 -22.1026 11.2114 -22.1028 11.7691 -22.1031 12.3069 -22.1034 12.8653 -22.1036 13.3222 -24.393 13.321 -24.3932 13.8198 -25.6473 13.8192 -25.6471 13.3204 -26.551 13.32 -26.551 13.3003 -26.5706 13.32 -27.2187 13.3196
7.71254 10.3992 7.28751 10.399 7.28806 9.30519 7.28841 8.5821 7.2885 8.41134 7.71353 8.41155 7.71372 8.03141 10.8712 8.03298 11.3173 8.0332 11.3171 8.41334 11.3169 8.97939 10.9856 9.30702 11.3167 9.30719 11.3161 10.401 10.87 10.4008 9.88029 10.4003 9.20998 10.3999 7.71254 10.3992
7.28624 12.966 6.91168 13.3365 4.34304 13.3352 3.93631 13.335 3.93654 12.8782 3.93681 12.3198 3.93708 11.782 3.93776 10.3973 3.93831 9.30353 3.93875 8.40968 4.34548 8.40988 4.34567 8.02974 6.70578 8.03091 7.10782 8.41125 7.28841 8.5821 7.28806 9.30519 7.28751 10.399 7.28683 11.7837 7.28656 12.3215 7.28628 12.8799 7.28624 12.966
-1.56978 12.3171 -1.57005 12.8755 -2.37428 12.8751 -2.88744 12.8748 -4.03682 12.8743 -4.48904 12.874 -4.48877 12.3156 -4.4885 11.7778 -4.48781 10.3932 -4.48727 9.29936 -4.48683 8.40551 -4.03461 8.40573 -2.88523 8.4063 -2.37207 8.40656 -1.56784 8.40696 -1.56828 9.30081 -1.56882 10.3946 -1.56951 11.7793 -1.56978 12.3171
-21.5443 11.7694 -22.1026 11.2114 -22.1021 10.3845 -22.1016 9.29064 -22.1014 8.85043 -21.648 8.39701 -19.9319 8.39786 -19.4962 8.39808 -16.6834 8.39947 -16.6266 8.45885 -16.2005 8.90441 -16.2007 9.29356 -16.2012 10.3874 -16.2019 11.772 -16.6282 11.7718 -19.4978 11.7704 -19.9335 11.7702 -21.5443 11.7694
-13.5271 12.3111 -13.9379 12.3109 -13.9377 11.7731 -13.9374 11.271 -13.937 10.3885 -13.9365 9.29468 -13.936 8.40083 -13.5252 8.40104 -12.4886 8.40155 -11.8561 8.40186 -11.8565 9.29571 -11.857 10.3895 -11.6514 10.3896 -10.5308 10.3902 -10.5315 11.7748 -10.5318 12.3126 -11.6524 12.3121 -11.858 12.312 -12.4905 12.3117 -12.9425 12.3114 -13.5271 12.3111
-10.5308 10.3902 -11.6514 10.3896 -11.6509 9.29581 -11.6505 8.40196 -10.5299 8.40252 -10.0022 8.40278 -8.58954 8.40348 -8.20968 8.40367 -7.58897 8.40397 -7.58941 9.29782 -7.58995 10.3916 -7.59064 11.7763 -7.59091 12.3141 -8.21161 12.3138 -8.59147 12.3136 -10.0041 12.3129 -10.0038 11.7751 -10.0032 10.3904 -10.5308 10.3902
-4.48877 12.3156 -4.48904 12.874 -4.90374 12.8738 -5.47582 12.8735 -6.21958 12.8732 -6.59963 12.873 -7.07328 12.8727 -7.59118 12.8725 -7.59091 12.3141 -7.59064 11.7763 -7.58995 10.3916 -7.58941 9.29782 -7.58897 8.40397 -7.07107 8.40423 -6.59741 8.40447 -6.21737 8.40465 -5.47361 8.40502 -4.90153 8.40531 -4.48683 8.40551 -4.48727 9.29936 -4.48781 10.3932 -4.4885 11.7778 -4.48877 12.3156
3.31407 19.0753 3.31354 20.1344 1.46579 20.1335 1.46632 19.0744 1.46649 18.7223 1.46651 18.6825 1.46721 17.2698 1.46751 16.6639 1.46776 16.1658 1.46865 14.3586 1.46891 13.8326 1.46916 13.3338 1.46939 12.877 1.46966 12.3186 1.46993 11.7808 1.47061 10.3961 1.47116 9.30231 3.31891 9.30323 3.93831 9.30353 3.93776 10.3973 3.93708 11.782 3.93681 12.3198 3.93654 12.8782 3.93631 13.335 3.93606 13.8338 3.9358 14.3598 3.93491 16.167 3.31551 16.1667 3.31526 16.6648 3.31515 16.8938 3.31496 17.2707 3.31426 18.6834 3.31407 19.0753
17.543 12.885 17.5428 13.3418 13.8312 13.3399 12.7558 13.3394 12.756 12.8826 12.7563 12.3242 12.7565 11.7864 12.7572 10.4017 12.7577 9.3079 13.8332 9.30843 17.5448 9.31027 17.5442 10.4041 17.5436 11.7888 17.5433 12.3266 17.543 12.885
7.28624 12.966 7.37331 12.8799 7.28628 12.8799 7.28656 12.3215 7.28683 11.7837 7.28751 10.399 7.71254 10.3992 9.20998 10.3999 9.55277 10.7242 9.88029 10.4003 10.87 10.4008 11.3161 10.401 11.3167 9.30719 12.7577 9.3079 12.7572 10.4017 12.7565 11.7864 12.7563 12.3242 12.756 12.8826 12.7558 13.3394 12.3169 13.3392 11.3147 13.3387 10.8686 13.3385 7.71109 13.3369 7.28606 13.3367 7.28624 12.966
-16.2025 12.8682 -16.2027 13.3251 -16.629 13.3249 -19.4986 13.3235 -19.9343 13.3232 -19.9341 12.8664 -19.9338 12.308 -19.9335 11.7702 -19.4978 11.7704 -16.6282 11.7718 -16.2019 11.772 -16.2022 12.3098 -16.2025 12.8682
-19.9898 13.3232 -19.9343 13.3787 -19.9345 13.822 -22.1038 13.821 -22.1036 13.3222 -22.1034 12.8653 -22.1031 12.3069 -22.1028 11.7691 -21.5443 11.7694 -19.9335 11.7702 -19.9338 12.308 -19.9341 12.8664 -19.9343 13.3232 -19.9898 13.3232
-12.4915 14.3517 -13.5281 14.3511 -13.5279 13.8252 -13.5276 13.3264 -13.5274 12.8695 -13.5271 12.3111 -12.9425 12.3114 -12.4905 12.3117 -11.858 12.312 -11.8583 12.8704 -11.8585 13.3272 -11.9711 13.3272 -11.8586 13.4449 -11.8588 13.826 -11.859 14.352 -12.4915 14.3517
-10.534 16.658 -11.6546 16.6574 -11.6543 16.1593 -11.6534 14.3521 -11.6532 13.8261 -11.6531 13.6598 -11.6529 13.3273 -11.6527 12.8705 -11.6524 12.3121 -10.5318 12.3126 -10.0041 12.3129 -8.59147 12.3136 -8.21161 12.3138 -8.21189 12.8722 -8.21212 13.329 -8.21236 13.8278 -8.21263 14.3538 -8.21352 16.161 -8.21377 16.6591 -8.59363 16.6589 -8.78515 16.6588 -10.0063 16.6582 -10.534 16.658
1.46776 16.1658 1.46751 16.6639 -0.428398 16.663 -0.941555 16.6627 -1.57193 16.6624 -2.37616 16.662 -2.88932 16.6618 -2.88907 16.1637 -4.03845 16.1631 -4.49067 16.1629 -4.48978 14.3556 -4.48952 13.8297 -4.48927 13.3309 -4.48904 12.874 -4.03682 12.8743 -2.88744 12.8748 -2.37428 12.8751 -1.57005 12.8755 -0.93968 12.8758 -0.426522 12.876 1.46939 12.877 1.46916 13.3338 1.46891 13.8326 1.46865 14.3586 1.46776 16.1658
-13.5293 16.6565 -13.9401 16.6563 -13.9398 16.1582 -13.9389 14.3509 -13.5281 14.3511 -12.4915 14.3517 -11.859 14.352 -11.8599 16.1592 -11.8602 16.6573 -12.4927 16.657 -13.5293 16.6565
-13.5303 18.6751 -13.9411 18.6749 -14.6363 18.6746 -14.2441 19.0666 -16.2055 19.0656 -16.2054 18.6738 -16.2047 17.261 -16.0503 17.2611 -16.2046 17.1069 -16.2044 16.6552 -13.9401 16.6563 -13.5293 16.6565 -12.4927 16.657 -11.8602 16.6573 -11.6546 16.6574 -10.534 16.658 -10.0063 16.6582 -8.78515 16.6588 -8.59363 16.6589 -8.21377 16.6591 -7.59306 16.6594 -7.07516 16.6597 -6.60151 16.6599 -6.60126 16.1618 -6.22121 16.162 -5.47745 16.1624 -5.4777 16.6605 -4.90562 16.6608 -4.90592 17.2666 -4.90662 18.6794 -4.90681 19.0712 -5.47889 19.0709 -6.22265 19.0706 -6.47901 19.0704 -6.6027 19.0704 -7.07635 19.0701 -7.59425 19.0699 -8.21496 19.0696 -8.59482 19.0694 -10.0075 19.0687 -10.5351 19.0684 -10.5357 20.1276 -10.5365 21.795 -11.5145 21.795 -11.657 21.6525 -11.8625 21.4471 -11.8627 21.795 -12.4952 21.795 -12.4947 20.8152 -12.4944 20.1266 -12.4938 19.0675 -12.4937 18.6756 -13.5303 18.6751
-0.943274 20.1323 -1.57365 20.132 -2.37788 20.1316 -2.37735 19.0725 -2.89051 19.0722 -4.03989 19.0716 -4.49211 19.0714 -4.90681 19.0712 -4.90662 18.6794 -4.90592 17.2666 -4.90562 16.6608 -4.49092 16.661 -4.0387 16.6612 -2.88932 16.6618 -2.37616 16.662 -1.57193 16.6624 -0.941555 16.6627 -0.428398 16.663 -0.428698 17.2688 -0.429397 18.6816 -0.429591 19.0734 -0.430116 20.1326 -0.943274 20.1323
1.1107 19.0742 -0.429591 19.0734 -0.429397 18.6816 -0.428698 17.2688 1.46721 17.2698 1.46651 18.6825 1.46649 18.7223 1.46632 19.0744 1.1107 19.0742
-1.57365 20.132 -0.943274 20.1323 -0.430116 20.1326 -0.430346 20.5984 -0.430939 21.795 -0.944097 21.795 -1.57447 21.795 -1.57444 21.7301 -1.6401 21.795 -2.3787 21.795 -2.37788 20.1316 -1.57365 20.132
