1.00497
1.64068
1.39773
6.98748
11.4075
9.71832
3.0357
4.95599
4.22212
0.723582
1.18134
1.00643
7.27462
11.8765
10.1183
1.08852
1.77705
1.51394
0.816488
1.33302
1.13565
1.93502
3.15926
2.69157
1.01887
1.66342
1.41714
2.5711
4.19749
3.57593
1.38958
2.26858
1.93265
1.43892
2.34914
2.00128
0.720873
1.17691
1.00266
3.20523
5.23293
4.45815
1.00012
1.63282
1.39107
4.50658
7.35778
6.26854
4.52864
7.39355
6.29887
0.765261
1.24938
1.06441
3.23691
5.28474
4.50245
1.08481
1.77115
1.50895
1.01014
1.64923
1.40508
0.965093
1.57568
1.34242
1.11878
1.82661
1.5562
3.10329
5.06667
4.31661
3.2507
5.30746
4.52165
1.19376
1.9489
1.66049
6.32256
10.3227
8.79455
0.817837
1.33526
1.13759
1.33622
0.455754
0.376906
9.29064
3.16883
2.62061
4.0363
1.37671
1.13853
0.962114
0.328159
0.271386
9.67275
3.29914
2.72838
1.44731
0.49365
0.408246
1.08565
0.370291
0.306229
2.573
0.877593
0.725765
1.35474
0.462076
0.382135
3.41856
1.16601
0.964282
1.8476
0.630176
0.521149
1.91321
0.652553
0.539658
0.958505
0.326921
0.270368
4.26187
1.45363
1.20214
1.32981
0.453569
0.375104
5.99237
2.0439
1.6903
6.02152
2.05383
1.69851
1.01756
0.347065
0.287018
4.30412
1.46806
1.21408
1.44247
0.492001
0.406883
1.34318
0.458129
0.378871
1.28329
0.4377
0.361976
1.48765
0.507407
0.419624
4.12645
1.40745
1.16396
4.32245
1.4743
1.21925
1.58734
0.541415
0.447749
8.40709
2.86752
2.37144
1.08747
0.370921
0.30675
1.38356
0.451651
0.546735
9.6198
3.1403
3.80142
4.17932
1.3643
1.65152
0.996203
0.325202
0.393666
10.0155
3.26949
3.95779
1.49861
0.489209
0.5922
1.12411
0.366957
0.444211
2.66416
0.869692
1.05279
1.40274
0.457913
0.554316
3.53969
1.1555
1.39876
1.91306
0.624502
0.755977
1.98099
0.646678
0.782821
0.992454
0.323978
0.392184
4.41287
1.44054
1.74382
1.37691
0.449483
0.544111
6.20471
2.02547
2.45189
6.23487
2.03532
2.46381
1.05361
0.343941
0.416349
4.45654
1.45478
1.76107
1.49358
0.487568
0.590214
1.39077
0.454005
0.549585
1.32875
0.43376
0.525078
1.54036
0.502836
0.608696
2.17746
2.09525
0.335618
4.47581
1.07066
1.46109
1.76869
1.64338
0.536466
0.649406
8.70498
2.84167
3.43991
1.12601
0.367576
0.44496
1.26121
1.74194
3.7559
8.76913
12.1116
26.1146
3.80974
5.26187
11.3455
0.90811
1.25425
2.70436
9.12983
12.6098
27.1888
1.36607
1.88677
4.06818
1.02471
1.41529
3.05159
2.42857
3.35425
7.23231
1.2787
1.76609
3.80798
3.22667
4.45656
9.60907
1.74389
2.4086
5.19332
1.80581
2.49412
5.37773
0.904701
1.24955
2.69421
4.02263
5.55591
11.9794
1.25517
1.73359
3.7379
5.65603
7.8119
16.8437
5.68353
7.84988
16.9256
0.960418
1.32649
2.86013
4.06249
5.61095
12.0981
1.36151
1.88046
4.05458
1.26779
1.75102
3.77548
1.21125
1.67294
3.60712
1.40414
1.93935
4.18155
3.89482
5.37939
11.5988
4.07983
5.6349
12.1498
1.49824
2.06931
4.46174
7.93521
10.9598
23.6309
1.02644
1.41768
3.05674
0.275678
1.91677
0.832729
0.198491
1.99558
0.2986
0.223982
0.530841
0.279496
0.705283
0.381182
0.394718
0.197751
0.879274
0.274351
1.23627
1.2423
0.209934
0.887977
0.297597
0.277115
0.264757
0.306916
0.851327
0.891785
0.327459
1.73445
0.224355
0.708231
4.92429
2.13935
0.509947
5.12685
0.767126
0.575423
1.36376
0.71805
1.81193
0.979279
1.01405
0.508028
2.25891
0.70483
3.17613
3.19158
0.539331
2.28126
0.764552
0.711923
0.680176
0.775775
0.324089
2.0495
2.29113
0.841229
4.456
0.576394
1.22522
8.51888
3.70102
0.882194
8.8693
1.32709
0.995465
2.35926
1.24221
3.13459
1.69412
1.75428
0.878892
3.90783
1.21935
5.49462
5.52133
0.933009
3.94653
1.32265
1.23161
1.17668
1.36407
3.78367
3.9634
1.45548
7.70875
0.997144
0.939899
1.89148
6.53506
13.1514
2.83915
5.7136
0.676755
1.36192
6.80384
13.6923
1.01804
2.04874
0.763648
1.53679
1.80985
3.64221
0.95293
1.91771
2.40463
4.83915
1.29961
2.61537
1.34576
2.70824
0.674222
1.35682
2.9978
6.03288
0.935396
1.88241
4.21506
8.48254
4.23556
8.52378
0.715744
1.44037
3.02753
6.09268
1.01464
2.0419
0.944798
1.90134
0.902667
1.81655
1.04642
2.10584
2.90256
5.8412
3.04043
6.11865
1.11654
2.24696
5.91352
11.9006
0.764936
1.53938
0.324469
1.68889
2.25601
11.7428
0.980123
5.10163
0.233627
1.21605
2.34881
12.2257
0.351446
1.82932
0.263624
1.37219
0.624792
3.2521
0.328967
1.71231
0.830118
4.32084
0.448646
2.33525
0.464578
2.41817
0.232753
1.21149
1.03489
5.38671
0.322915
1.68079
1.45511
7.574
1.46219
7.61082
0.247084
1.28611
1.04514
5.44009
0.350272
1.8232
0.32616
1.69769
0.311616
1.62199
0.36124
1.88029
1.00201
5.21556
1.04963
5.4633
0.385425
2.0063
2.04147
10.626
0.264069
1.3745
1.18708
8.25368
3.58581
0.854756
8.59361
1.28583
0.964504
2.28595
1.20357
3.03701
1.64138
1.69967
0.851538
3.7863
1.18141
5.32387
5.3496
0.904008
3.82394
1.28155
1.19324
1.12835
0.012713
0.828552
0.137617
3.66609
3.84041
1.41008
7.4692
0.966157
0.683425
0.416065
1.64772
4.75182
2.89286
11.4565
2.06442
1.25679
4.97727
0.492087
0.299575
1.18641
4.94726
3.01186
11.9277
0.740257
0.450662
1.78473
0.555269
0.338044
1.33874
1.31599
0.801165
3.17282
0.692901
0.42183
1.67057
1.74847
1.06445
4.21551
0.944979
0.575296
2.27832
0.978535
0.595725
2.35922
0.490234
0.298454
1.18194
2.17979
1.32703
5.25541
0.680147
0.414064
1.63982
3.06489
1.86587
7.38938
3.07979
1.87495
7.42529
0.520436
0.316836
1.25476
2.20134
1.34015
5.3074
0.737774
0.449147
1.77875
0.686987
0.41823
1.65631
0.656353
0.399583
1.58245
0.760877
0.463214
1.83445
2.11053
1.28487
5.08842
2.21088
1.34596
5.33037
0.811765
0.494191
1.95715
3.66963
0.630298
0.195134
0.556205
0.59714
0.338611
0.881324
0.387523
2.69442
1.17059
0.279052
2.80574
0.419784
0.314882
0.746337
0.39293
0.991435
0.535832
0.554859
0.278002
1.23611
0.385697
1.73819
1.74648
0.295131
1.24845
0.418412
0.38961
0.372236
0.431515
1.19694
1.25382
0.460404
2.43861
0.31544
1.18868
8.26484
3.59065
0.855887
8.60478
1.28751
0.96578
2.28891
1.20516
3.04112
1.6436
1.70197
0.852674
3.7913
1.18298
5.33077
5.35668
0.905193
3.82887
1.28321
1.19488
1.1416
1.32339
3.67084
3.8453
1.41199
10.1719
0.459767
0.425855
0.309091
1.89981
2.96104
2.14909
13.2093
1.28644
0.933673
5.73875
0.306621
0.222555
1.36792
3.08252
2.2375
13.7527
0.46125
0.334792
2.05778
0.345988
0.25113
1.54356
0.819949
0.595182
3.65824
0.431753
0.313377
1.92615
1.08953
0.790777
4.86045
0.588835
0.427384
2.62688
0.609748
0.44256
2.72016
0.305468
0.22172
1.36278
1.3582
0.985848
6.05944
0.4238
0.307609
1.8907
1.90965
1.38615
8.51988
1.91897
1.39289
8.56129
0.324279
0.235379
1.44674
1.37157
0.995601
6.11936
0.459681
0.333671
2.05089
0.428028
0.310703
1.90971
0.408938
0.296847
1.82455
0.474083
0.34412
2.11511
1.31504
0.954524
5.86691
1.37754
0.99857
6.14587
0.186049
0.319714
0.163389
2.67918
0.336731
1.94472
11.1548
0.34656
0.251554
1.54616
0.709588
0.252363
4.93372
1.75467
2.14345
0.762313
0.510924
0.181709
5.13668
1.82684
0.768595
0.273349
0.576525
0.20504
1.36637
0.485947
0.719426
0.255862
1.8154
0.645644
0.981154
0.348945
1.01599
0.361336
0.509006
0.181025
2.26323
0.804913
0.706185
0.251153
3.18222
1.13175
3.19767
1.13725
0.540351
0.192177
2.28563
0.812886
0.766016
0.272432
0.713286
0.253679
0.681479
0.242366
0.790004
0.280963
2.19132
0.779338
2.29551
0.816394
0.84284
0.299754
3.07342
1.39112
0.577498
0.60802
0.205386
2.02061
0.612146
4.25622
1.84911
0.440763
4.43128
0.663046
0.497356
1.17874
0.620633
1.56611
0.846421
0.876477
0.439109
1.95244
0.609211
2.74523
2.75858
0.466156
1.97178
0.660826
0.615333
0.587894
0.68152
1.89041
1.98029
0.7271
0.979781
1.72176
0.498195
2.07101
14.3995
6.25584
1.49117
14.9916
2.24321
1.68264
3.98785
2.0997
5.29843
2.86359
2.96529
1.48558
6.60545
2.06105
9.28746
9.33275
1.57709
6.67084
2.23567
2.08178
1.98896
2.30567
6.39547
6.69943
2.46004
13.03
1.68545
1.89
0.224388
13.1411
1.56016
5.70914
0.67781
1.36086
0.161569
13.6817
1.62437
2.04716
0.243046
1.53559
0.182311
3.63936
0.432079
1.91621
0.227499
4.83537
0.574074
2.61333
0.310264
2.70613
0.321281
1.35575
0.16096
6.02817
0.715697
1.88094
0.22332
8.47591
1.00632
8.51712
1.01121
1.43926
0.170881
6.08783
0.722788
2.0403
0.24224
1.89986
0.225565
1.81514
0.215503
2.1042
0.249822
5.83664
0.692958
6.11416
0.725907
2.24493
0.266534
4.3691
7.5223
1.53818
1.11446
0.182624
2.09321
0.798258
0.55578
3.86431
1.67885
0.400178
4.02325
0.601989
0.45156
1.0702
0.563486
1.4219
0.768483
0.795772
0.39868
1.77266
0.553115
2.49245
2.50457
0.423233
1.79023
0.599978
0.558677
0.533764
0.618766
1.71634
1.79791
0.660191
3.49682
0.452322
0.525449
3.65341
1.58722
0.378339
3.80367
0.569144
0.426916
1.0118
0.532734
1.3443
0.726543
0.752343
0.376915
1.67592
0.522928
2.35643
2.36788
0.400139
1.69253
0.567234
2.15944
0.528148
0.887897
0.297864
0.206771
0.0117976
0.584997
2.78304
3.18599
1.62267
8.25223
1.69982
7.7221
0.624122
2.59818
3.30598
11.6401
0.427636
1.24475
1.60106
0.28438
1.91216
11.1321
1.97728
13.2952
4.83631
0.859028
5.77607
1.15281
0.204738
1.37684
11.5899
2.05812
13.8425
1.7342
0.307992
2.07121
1.30083
0.231026
1.55362
3.08297
0.547469
3.68216
1.62326
0.288289
1.93871
4.09613
0.727556
4.89206
2.2138
0.393216
2.64397
2.29241
0.407178
2.73785
1.14847
0.203967
1.37166
5.10658
0.906925
6.09897
1.59337
0.282983
1.90302
7.18011
1.27503
8.57559
7.21501
1.28138
8.61713
1.21924
0.216535
1.45617
5.15717
0.915795
6.15945
1.72838
0.306923
2.0643
1.6094
0.285795
1.9222
1.53764
0.273051
1.83648
1.7825
0.316534
2.12894
4.93961
0.00468174
4.12825
0.0642902
1.0511
1.80188
1.90184
0.919731
0.337725
2.27133
10.0734
1.78882
12.0312
1.30302
0.231388
1.55627
1.35279
0.29738
5.90528
0.001348
0.030424
0.813664
0.493135
7.47888
0.967409
2.1297
4.38417
0.0554364
2.17193
1.22813
0.188224
0.00773792
